31
-506865693 -386751555
-506449957 198955003
-505752169 456094145
-503645661 486632673
-500588133 495658283
-495749661 503246561
-482605551 506125227
-478567521 506861767
-286456995 506870237
320543231 506774333
373730229 506177493
414719121 505632229
501093643 503278111
505813665 495670421
506199991 426323067
506886515 93633129
506899085 -16622965
506330331 -424461781
505971595 -452684371
503097757 -494836327
497986447 -501277617
495592709 -503048387
467506299 -505453949
347543951 -506129789
259151817 -506570205
208577463 -506728703
-266403733 -506813489
-445365603 -506533619
-502538079 -506227013
-504939305 -502840681
-506504711 -481540485
