30
-430716354 225775900
-430620086 339976180
-430466000 379278330
-430360756 403568196
-430130416 427583444
-427523522 430543568
-423307650 430582548
-356430378 430672650
-251631760 430678604
399093016 430712270
401442168 430651824
412496198 429935952
423713552 429101856
424224636 428956056
428544108 425654194
430446124 398309144
430579730 278614796
430612444 173892716
430590894 -395186250
429898862 -416476818
428481084 -426702058
413454886 -430375892
410451876 -430679944
360006738 -430688604
-273849962 -430692272
-377358528 -430518848
-424123492 -430253994
-429183666 -426482250
-430614104 -420918740
-430713126 -133747336
