781
-795434369 -2538550
-795433400 2825932
-795417304 5795516
-795398200 7998706
-795250495 17289547
-795246306 17481090
-795085102 23705630
-794941578 28109834
-794540873 37776719
-794369624 41221064
-794156409 45142843
-793941504 48776682
-793254170 58907542
-793247071 59003073
-792277546 70841849
-791121384 82760103
-790640273 87236660
-790100650 91995883
-789069248 100458937
-788399263 105588260
-787098217 114885475
-786805152 116875698
-785747262 123788193
-784359434 132297222
-782486485 142958653
-781664782 147385370
-779415043 158853612
-779068859 160542804
-777303404 168883680
-774933234 179445704
-772784177 188485787
-769859312 200097274
-768640477 204729320
-766016084 214340003
-765419448 216460956
-763728354 222353945
-760322844 233733712
-758729250 238856028
-757365131 243146740
-755708120 248248896
-754199600 252794857
-751729111 260049263
-751163628 261678201
-749670452 265925725
-749413900 266647862
-745615862 277090711
-743933856 281575380
-741983469 286675439
-740663784 290067989
-736756294 299854032
-732794061 309410962
-728014825 320494447
-727821709 320932762
-725601535 325921294
-724340130 328715157
-723506484 330545979
-720937333 336112539
-720410236 337240817
-719799853 338541649
-717500353 343388295
-712292622 354064256
-707583640 363383641
-704673011 368996238
-704228119 369844608
-700269097 377286985
-698580996 380403561
-693386669 389791230
-689073350 397366575
-684091422 405883238
-679303452 413846710
-676446618 418500001
-675891626 419395741
-673251986 423620161
-672076025 425483364
-667164262 433144460
-664701904 436913787
-663541988 438673349
-662695486 439951099
-656539055 449086567
-654640311 451849911
-652181980 455390978
-650752875 457430838
-645028861 465467556
-643004782 468259679
-637891795 475201363
-631482636 483685805
-625138381 491857991
-622344365 495388502
-617240785 501733086
-609679713 510894242
-601857429 520086447
-593960293 529087373
-586964066 536838394
-580849361 543448525
-577698198 546797101
-575586690 549019342
-571537980 553232877
-567458423 557416555
-566450555 558440727
-562671538 562248181
-557706922 567173048
-548967352 575636277
-548273717 576296980
-547509799 577022787
-543326096 580963880
-539184459 584809709
-536714679 587077194
-531817794 591516788
-524223622 598257361
-521552651 600587304
-518726091 603030281
-515669311 605646299
-506272365 613523081
-505754980 613949654
-498847184 619575472
-496755120 621254077
-495557119 622210109
-492629291 624530751
-483096212 631933800
-478211275 635638461
-476065165 637247389
-467349326 643666749
-463932047 646134145
-460814124 648361489
-460267386 648749730
-459798491 649082140
-450449502 655604701
-443953385 660020962
-441645583 661567425
-432280374 667724462
-431958667 667932621
-428574718 670108939
-419578871 675777958
-415502097 678292183
-406727376 683589877
-403429684 685541222
-402686412 685978084
-393064413 691536438
-384288651 696451369
-377898257 699939414
-376717610 700575564
-368338385 705017100
-357598350 710524945
-348843613 714863911
-341161630 718561771
-330393491 723576131
-320077940 728198042
-316829993 729617046
-306960294 733823994
-302536041 735659039
-301117956 736240623
-291160349 740235049
-281239381 744060944
-273788063 746834903
-270907919 747884468
-265677433 749758481
-254361096 753672814
-250636658 754919561
-241253389 757970370
-229449341 761626730
-220904929 764148736
-218787480 764757684
-212148164 766626008
-206788204 768089134
-195016869 771161914
-184691082 773699865
-180775322 774624142
-170685227 776909796
-160847716 779005963
-158689344 779448503
-147126489 781713550
-146090802 781907765
-142228272 782619572
-140625712 782909118
-134209647 784034468
-129958746 784750279
-118225781 786603421
-112538913 787437154
-106466452 788281149
-95919739 789633890
-86593919 790710927
-75253618 791870677
-72010591 792172172
-70006939 792351756
-62656480 792966860
-58549293 793280692
-49278647 793910507
-44401613 794198195
-34068472 794708512
-24304073 795067035
-19803468 795191865
-19324641 795203643
-10225782 795372686
-1317173 795437328
7591599 795402190
15445893 795288439
20904744 795163676
23777444 795082957
31819233 794801744
39283711 794467789
42153777 794320677
49039619 793925306
58979190 793248848
64709450 792801971
67286982 792587369
75205935 791875209
77113023 791691770
84451037 790942664
90259144 790300932
95872191 789639666
101670418 788914065
109171397 787911090
119504486 786410171
121019579 786178440
130195008 784711118
139446983 783119924
149620488 781240032
152065951 780767716
154228002 780343515
164082956 778330945
168204940 777450562
176154388 775688022
176808238 775539247
187904070 772925831
197848109 770440395
202576332 769210705
211825009 766715360
221595036 763948896
232245326 760778802
237919267 759023516
245403088 756637034
254860246 753504169
265903154 749678457
269060710 748551007
271043016 747835516
277337630 745524054
283344020 743262028
284865111 742680380
294678323 738841637
301162287 736222488
305147687 734579585
312739200 731379840
314147898 730775871
316522428 729750526
325462462 725807456
330088471 723715331
337826327 720135854
345007575 716723133
354986106 711833646
361571651 708511270
367191680 705615015
370416953 703927240
371857331 703167406
381727923 697858201
383407673 696936750
394188194 690896480
395352497 690230889
399004402 688126270
405368218 684396730
415052730 678567247
419863677 675601044
427969285 670495763
435692289 665503199
443357057 660421680
452933316 653891189
456784059 651207032
457567975 650656457
467388083 643638608
476947259 636587456
485414109 630155076
487233427 628749445
490407428 626276961
491989729 625034707
498212691 620085793
502308958 616772234
504237714 615196394
507859226 612210163
511903116 608832881
517817719 603810472
519850842 602060945
528640159 594358361
536750029 587044874
543500985 580800273
547752967 576791958
552113328 572619552
555139822 569685927
557672768 567206630
560670503 564243621
568564941 556287862
573698931 550991663
578717875 545717783
582841582 541311340
585831365 538074240
586543654 537297701
591244514 532120478
597167042 525465320
602577143 519252410
606375392 514811774
610017977 510490300
613629763 506143052
620160786 498119339
621358754 496624179
623029854 494526116
629526121 486229514
631453509 483723829
637519615 475700555
639177090 473471145
641337151 470541109
648292113 460911721
649345057 459427114
654177429 452519799
660968460 442541491
662774950 439831378
666563744 434068030
671280621 426737162
673583387 423093013
674803444 421144380
679527629 413478511
685042704 404275613
691240389 393584812
695139936 386655850
701017419 375894742
702145962 373782455
702370908 373359592
705006010 368359611
707561758 363426247
710944344 356763811
711929812 354793211
715983999 346538875
716359180 345762638
721644097 334592402
724439064 328497061
726599002 323691467
728457995 319485881
729798166 316412570
732476947 310160927
736593684 300253261
739452209 293142808
739945402 291895662
743372873 283053088
746198182 275518694
747941545 270750295
751368238 261090115
753204395 255744827
754457981 252022686
754639889 251477465
758339916 240089256
758397720 239906596
760785793 232222420
761868093 228646641
764142083 220927935
766132130 213924841
768380980 205701112
770255401 198567099
771226459 194761463
771670086 192996260
773493643 185552850
775416626 177345234
776199159 173888303
777455626 168181533
779097846 160402067
780772293 152042444
781136236 150161439
782391624 143476912
782717876 141686296
783900737 134988555
785695017 124119378
785858751 123078437
787649198 111045125
788213680 106964826
788781781 102691677
790249171 90711214
790687433 86808172
790697882 86712949
791841163 75563548
792669826 66308557
793492074 55611208
794059504 46816444
794614369 36197819
794711583 33996692
794989453 26721639
795196019 19635879
795359458 11207586
795438420 0
795369887 -10441301
795310361 -14272616
795273677 -16188154
795083674 -23753506
794986231 -26817380
794953356 -27774760
794946645 -27966232
794703373 -34188105
794081965 -46433925
793424525 -56566768
793062133 -61438821
792408404 -69362812
792056258 -73274564
790965520 -84236714
789983688 -92994902
788481676 -104971073
788239418 -106774974
786952315 -115880679
785529901 -125160101
783835621 -135366159
782769013 -141403499
781009372 -150819891
780049576 -155707856
779596273 -157961792
777313571 -168836875
775799242 -175663919
774048790 -183223220
772362322 -190207044
771600308 -193275044
770303206 -198381569
767532275 -208845602
767456771 -209122890
765249771 -217060055
764381091 -220099576
761757862 -229013621
758397720 -239906596
755573474 -248658403
754488326 -251931825
753818195 -253929922
750324686 -264074122
746231357 -275428828
744996668 -278751218
742997252 -284037606
742723255 -284753306
739699069 -292519339
737026829 -299188453
734368104 -305656289
729721935 -316588339
726521018 -323866466
721523164 -334853102
720349305 -337370950
718016467 -342307800
717645030 -343085834
714937415 -348692946
712313942 -354021363
708696238 -361208969
708478608 -361635645
704828482 -368699183
703223377 -371751474
701243635 -375472556
698878559 -379856599
698832808 -379940762
695744427 -385567074
694487040 -387827318
692327921 -391668647
688330400 -398652149
687030504 -400888216
681363296 -410446507
676219718 -418866530
671126401 -426979661
669475947 -429562840
663251281 -439112760
660808531 -442780263
657160386 -448176868
650229111 -458175055
649345057 -459427114
648846717 -460130649
647792163 -461614112
646789986 -463017271
640996981 -471004403
635911915 -477847585
628411899 -487668702
626055424 -490690213
624753164 -492347195
624219159 -493024056
620280744 -497969953
618417342 -500282187
617633349 -501249760
610263818 -510196384
603763700 -517872254
596026568 -526758584
595836217 -526973889
591756904 -531550603
590410708 -533045471
583297707 -540819807
578915000 -545508661
572702660 -552027120
567290574 -557587377
566753109 -558133666
558764670 -566131010
552182283 -572553057
551147096 -573549610
546710130 -577780503
544898321 -579489515
539782820 -584257465
532138278 -591228493
525483298 -597151220
520575526 -601434453
515778709 -605553137
512709205 -608154216
511756457 -608956161
505200239 -614406212
498436690 -619905753
496118912 -621762256
492742100 -624441750
484578899 -630797565
481915764 -632834475
479931889 -634340333
477330494 -636300147
473413410 -639219853
464359921 -645826710
455371342 -652195690
446533280 -658278289
439372320 -663079363
438893079 -663396672
433927539 -666655209
431757550 -668062642
421327214 -674689302
411205274 -680905646
401570615 -686631866
394936803 -690468826
391689492 -692316128
388349938 -694194930
380214254 -698684047
376675425 -700598246
371857331 -703167407
366596710 -705924308
362424648 -708075314
353098891 -712771667
347767082 -715388239
339992939 -719115484
336524889 -720744945
330175626 -723675571
324150799 -726394201
318366972 -728947699
317137502 -729483436
312827278 -731342171
306474168 -734027152
300452843 -736512298
291739711 -740006905
291383201 -740147356
289599642 -740847033
279401580 -744753002
275810733 -746090287
268700088 -748680533
265271074 -749902351
260660259 -751517470
253861835 -753841128
243032726 -757401724
241755388 -757810405
241481584 -757897698
230870640 -761197101
229770349 -761529950
228761328 -761833664
224721246 -763035149
213578825 -766228661
203039475 -769088583
195806169 -770961882
187904070 -772925829
184551315 -773733216
181195090 -774526059
171106236 -776817180
162582903 -778645668
157985263 -779591516
150843404 -781004830
141144252 -782815801
138032091 -783370549
135106560 -783880409
128210039 -785037874
122912813 -785884673
115904372 -786948825
113818981 -787253146
108222438 -788041991
105469575 -788415149
102905407 -788753924
102050441 -788864999
100625232 -789048059
89497696 -790387526
79210303 -791484683
74633723 -791929342
72821463 -792098043
72153692 -792159153
70340912 -792322179
68814075 -792456244
59838933 -793184455
58119378 -793312306
56112887 -793456755
49517671 -793895633
38518272 -794505268
34977662 -794669012
29138958 -794904522
19947115 -795188273
18893690 -795213999
12668288 -795337534
7687389 -795401271
-2083528 -795435691
-10992070 -795362467
-22389009 -795123267
-27272140 -794970759
-33589933 -794728881
-37609267 -794548816
-44497258 -794192843
-46410017 -794083362
-54536106 -793566689
-57689447 -793343687
-68098282 -792518075
-71628978 -792206771
-72678374 -792111185
-81259380 -791276936
-88783763 -790468040
-100957810 -789005576
-107036019 -788204014
-111969898 -787518267
-115288318 -787039313
-118415238 -786574923
-126271540 -785352009
-129675215 -784797182
-135248161 -783855991
-135531351 -783807074
-143170675 -782447720
-149573446 -781249040
-158219972 -779543917
-168626242 -777359290
-177415270 -775400606
-188602117 -772755796
-189718674 -772482428
-199471388 -770021717
-209284628 -767412681
-219616247 -764520099
-227889577 -762094888
-238330573 -758894469
-250000166 -755130582
-261338940 -751281729
-268745168 -748664353
-271178105 -747786542
-280343106 -744399099
-282224813 -743687725
-292407983 -739743095
-292586150 -739672645
-302801807 -735549687
-310050658 -732523630
-320954675 -727812045
-331961237 -722858226
-341075090 -718602854
-347724004 -715409179
-352884278 -712877945
-357512778 -710568007
-359906801 -709358422
-369272017 -704528533
-373676753 -702202224
-381013358 -698248593
-387388146 -694732107
-388976793 -693843880
-396474153 -689587212
-404749889 -684762589
-414030763 -679191288
-415828796 -678091948
-424450904 -672728553
-425665459 -671960709
-429058813 -669799085
-434208499 -666472246
-435491902 -665634343
-443396824 -660394983
-443635389 -660234746
-449659630 -656146702
-457058505 -651014439
-462686165 -647026884
-465253909 -645182980
-474067501 -638734908
-476065166 -637247390
-482867869 -632108295
-484920679 -630534862
-492478853 -624649389
-494432321 -623104290
-502123241 -616923439
-506493992 -613340130
-509001131 -611261095
-516544026 -604900444
-525591162 -597056286
-525663061 -596992983
-528246361 -594708382
-535582457 -588110286
-537068089 -586753904
-537421305 -586430404
-542485945 -581748466
-544234981 -580112543
-545560950 -578865725
-550974391 -573715522
-555174124 -569652498
-563280609 -561637989
-570537661 -554264427
-577434726 -547075327
-578619284 -545822315
-582287162 -541907683
-589993262 -533507478
-591980902 -531301127
-596185135 -526579112
-598651769 -523773173
-599408077 -522907480
-600226001 -521968414
-607768134 -513166809
-611215118 -509056338
-613721185 -506032196
-614086675 -505588601
-619290010 -499201525
-624426915 -492760901
-628147523 -488009187
-628617397 -487403780
-628793450 -487176635
-632297240 -482620427
-633515777 -481019789
-638920407 -473817466
-645644912 -464612660
-646538966 -463367719
-653604690 -453346653
-657942005 -447028630
-660248103 -443615511
-660675191 -442979196
-664386025 -437393971
-670585945 -427827966
-676043105 -419151522
-682472970 -408598731
-683651096 -406624466
-685747617 -403078754
-689599148 -396453392
-691784816 -392627106
-695674766 -385692751
-700541535 -376780887
-701356649 -375261412
-707101633 -364320678
-709282555 -360056292
-713947717 -350714892
-718900376 -340447536
-719514204 -339148326
-723107885 -331417057
-727898986 -320757451
-730197690 -315489477
-730501307 -314785830
-733759285 -307114943
-736503253 -300475017
-739080936 -294077621
-742945929 -284171820
-745582489 -277180503
-748185788 -270074627
-752197652 -258690881
-752291065 -258419102
-753096530 -256062284
-755797760 -247975850
-757890429 -241504402
-758872941 -238399117
-761495352 -229884985
-763567488 -222905741
-763647972 -222629857
-765262838 -217013975
-766606841 -212217407
-767418981 -209261524
-767895796 -207504995
-769228998 -202506854
-769955611 -199726395
-772806872 -188392719
-773190950 -186810153
-775191753 -178325616
-777687801 -167104640
-779643797 -157727068
-780040199 -155754826
-781859342 -146349748
-782997873 -140130684
-784863451 -129273518
-785672582 -124261307
-785747264 -123788193
-786013758 -122084610
-786762877 -117159955
-788297168 -106347785
-789567279 -96466515
-789671373 -95610671
-790011649 -92757054
-791279382 -81235556
-792234746 -71318906
-793131905 -60531452
-793772514 -51453599
-794226111 -43899467
-794812240 -31556008
-794994267 -26578028
-795220214 -18630328
-795324555 -13458486
-795385811 -9148174
-795424284 -4741800
