30
-278370491 -225566039
-278367049 77786317
-278350379 141286949
-278317637 170442173
-278221695 236100715
-277787883 267411005
-277644273 273010843
-277267241 275672755
-275855173 277643485
-273911853 278356781
117384665 278354611
182383753 278325903
231640059 278259941
253571023 278203931
272670741 278111843
277171179 277803821
278368553 257398763
278369853 91406409
278346607 -147055357
278308117 -237209519
278270381 -250252901
277416021 -277786887
275389731 -278372077
129575581 -278369265
-211880343 -278359823
-270898249 -278310203
-275053241 -278289507
-276345973 -278120005
-277654483 -274271535
-278273251 -261495163
