450106688
448077622
450106688
450106688
450106688
450106688
450106688
450106688
450106688
450106688
450106688
450106688
448077622
450106688
448077622
448077622
448077622
450106688
448077622
448077622
450106688
448077622
448077622
450106688
450106688
448077622
448077622
448077622
450106688
448077622
448077622
448077622
450106688
450106688
448077622
448077622
448077622
448077622
450106688
450106688
448077622
448077622
448077622
448077622
448077622
448077622
450106688
448077622
450106688
450106688
450106688
450106688
448077622
448077622
450106688
448077622
448077622
448077622
450106688
448077622
450106688
448077622
450106688
450106688
450106688
448077622
448077622
448077622
450106688
450106688
450106688
448077622
448077622
448077622
448077622
450106688
450106688
448077622
448077622
450106688
450106688
450106688
448077622
448077622
448077622
450106688
450106688
448077622
450106688
450106688
450106688
448077622
450106688
450106688
448077622
448077622
450106688
448077622
450106688
450106688
