100
-980511549 -34805242
-979806568 50925394
-978429342 72734632
-971137684 139663526
-958682662 208666852
-929023258 315483894
-883840729 425957590
-868646729 456143799
-805237430 560541688
-791128171 580284861
-727475101 658326878
-696452998 691062605
-665080976 721305482
-574326533 795464227
-536100418 821712022
-449832589 871931732
-382083810 903673760
-274897359 941831059
-216852790 956864238
-107398321 975233257
6352610 981108529
37725465 980403536
139537766 971155762
227001065 954507632
249186409 948957552
350735225 916296406
379624920 904709469
492836767 848366798
552484729 810786611
565120695 802030488
592102980 782322417
629575549 752495137
702067655 685357800
737533222 647038678
773340137 603787493
833849987 517018862
855176251 480923989
890352970 412172167
901832686 386409253
929186551 315002630
957892275 212265616
958275530 210528652
968669203 155866226
974144196 116864827
974159322 116738677
977077842 89068473
979273581 60312168
981066832 11053384
981129098 0
977937892 -79068238
962603984 -189757404
952196735 -236507261
930362960 -311510943
897165228 -397125747
857594180 -476598913
812570984 -549856981
801298004 -566158825
793526012 -577001535
734171765 -650850308
687717714 -699756135
612957774 -766092077
578439212 -792478631
562208894 -804074290
481588300 -854802325
452991172 -870294950
362453170 -911724742
360327010 -912567120
359499640 -912893373
350616566 -916341818
330480100 -923795004
299195264 -934396328
267449049 -943973150
252380052 -948113185
242913785 -950582557
127706132 -972782323
47879989 -979960107
-63608952 -979064964
-157120491 -968466548
-174651575 -965459027
-193495587 -961859534
-195363586 -961481862
-208170238 -958790621
-280015761 -940322007
-331676108 -923366266
-439867307 -877001173
-497334091 -845738200
-549436006 -812855694
-625669290 -755746149
-668250350 -718370221
-753879290 -627917448
-801664414 -565639878
-853050514 -484684564
-853552176 -483800565
-865495628 -462094819
-878250761 -437367011
-926334860 -323292486
-946959568 -256674663
-948601633 -250537913
-950802363 -242052003
-971173824 -139412003
