100
-828520093 -26284086
-827719363 44911633
-826428379 64440162
-820665764 116807977
-818935912 128375897
-795563493 232841417
-769975112 307041896
-742493343 368564829
-722060539 407142452
-668877158 489632255
-631048156 537507789
-563773796 607696886
-495361094 664645609
-493408996 666096059
-455144478 692805819
-360921263 746238728
-277731654 781025946
-180647278 809013572
-92741616 823732596
-7237929 828905308
35368706 828182017
103091325 822501413
198797059 804746001
266464459 784941456
346362702 753106417
407999620 721576544
466311844 685339086
510275567 653265064
567583108 604140557
616250012 554411689
638495692 528639432
689834430 459635571
720462358 409963885
746062157 361286111
768203757 311447244
785996200 263336992
786032982 263227181
795823233 231952104
817603182 136606865
825155010 79092401
828740047 18064670
828936908 0
826792265 -59589850
822494212 -103148780
815882440 -146534099
788032367 -257179679
787383140 -259160550
774478774 -295497927
737800574 -377871289
678258751 -476551639
645528103 -520028717
614543088 -556303147
549530131 -620606987
506983560 -655823200
435020040 -705616016
416539445 -716680743
367786641 -742879119
355595150 -748791352
339932132 -756030784
330399455 -760245090
267231965 -784680492
242106041 -792793202
196097658 -805408038
192157088 -806357274
191255737 -806571534
150123181 -815229678
147388903 -815728453
145109070 -816137094
117897075 -820510011
17427870 -828753683
-521137 -828936745
-111703702 -821376090
-159566024 -813434129
-170687685 -811173295
-171707490 -810958037
-242106040 -792793204
-261194738 -786710689
-342570623 -754838902
-375240460 -739142066
-378747169 -737351329
-435808404 -705129373
-523223871 -642941039
-543784442 -625647568
-551175554 -619146112
-623324793 -546445422
-638347957 -528817816
-643488922 -522549908
-680448596 -473419587
-697943129 -447226771
-732124002 -388755508
-762511770 -325134122
-779796153 -281166071
-784997280 -266299961
-787852526 -257730085
-799569313 -218689987
-804759886 -198740844
-806101529 -193227129
-818755763 -129519883
-825340528 -77132420
-825839211 -71596044
