3125
-657616068 77206
-657615780 617649
-657613009 2007359
-657608820 3088238
-657601859 4323518
-657599755 4632336
-657598651 4786744
-657577713 7102836
-657570752 7720446
-657567991 7952049
-657565150 8183650
-657564184 8260850
-657562227 8415250
-657552967 9110045
-657550811 9264442
-657516802 11425948
-657481999 13278571
-657465955 14050466
-657425617 15825751
-657380488 17600921
-657337347 19144442
-657295421 20533522
-657258242 21691018
-657240194 22231161
-657169272 24237269
-657140365 25008790
-657086047 26397440
-657028794 27785972
-656923317 30177039
-656839435 31950800
-656793771 32876148
-656750764 33724328
-656742827 33878536
-656653133 35574703
-656541483 37578957
-656514848 38041428
-656492406 38426806
-656395670 40045249
-656352991 40738793
-656260482 42202791
-656107772 44513938
-656086795 44822049
-656055059 45284198
-655990609 46208429
-655985180 46285444
-655857803 48056612
-655777929 49134545
-655600806 51443948
-655409236 53829661
-655254960 55676177
-655041164 58137507
-655000050 58598916
-654789595 60905521
-654775278 61059269
-654724876 61597357
-654563593 63288219
-654428387 64671339
-654344323 65516437
-654235754 66591857
-653972847 69126061
-653874810 70047334
-653841844 70354395
-653750439 71198730
-653607036 72503378
-653417590 74191317
-653338832 74881695
-653043814 77412362
-652748375 79865232
-652491934 81933966
-652356381 83006320
-652029894 85533119
-651734901 87752580
-651579356 88900180
-651453463 89818062
-651442914 89894544
-651122255 92188426
-650826758 94251944
-650693325 95168760
-650331194 97612674
-650193030 98528788
-650169876 98681455
-650088559 99215746
-649983360 99902593
-649758896 101352236
-649494948 103030139
-649312499 104173771
-649177426 105012229
-649016396 106002908
-648866409 106917162
-648778325 107450379
-648511437 109049592
-648357160 109963132
-648331321 110115367
-648227614 110724248
-648057865 111713471
-647899837 112626368
-647687132 113843217
-647377362 115591733
-647336609 115819738
-646993881 117719221
-646645580 119617691
-646305968 121439252
-646134238 122349672
-645903272 123563187
-645434499 125988905
-645211625 127125351
-644805412 129169956
-644423511 131061953
-644067260 132801593
-643879525 133708848
-643356665 136202425
-642954128 138090139
-642742620 139071281
-642578904 139825786
-642381274 140730936
-641965451 142615768
-641848030 143143302
-641356951 145327764
-640858437 147510541
-640475301 149165301
-640105591 150743917
-639963728 151345054
-639945954 151420187
-639803453 152021174
-639498769 153297825
-639027850 155249167
-639009619 155324190
-638532518 157274030
-638458589 157573876
-638235960 158473204
-637993348 159447121
-637427803 161693202
-637313745 162142178
-637161178 162740688
-636661447 164684851
-636136215 166702165
-635802236 167971467
-635545130 168941659
-635326423 169762284
-634704367 172073425
-634441002 173041936
-634155725 174084498
-633889292 175052169
-633435041 176688838
-632808799 178918757
-632492733 180032886
-631876111 182185282
-631468145 183594329
-631208864 184483783
-631013581 185150633
-630773944 185965392
-630642790 186409675
-630269489 187667975
-630115046 188185881
-629582299 189960592
-629134524 191438367
-628954442 192029182
-628819016 192472182
-628660628 192988894
-628022820 195054437
-627540013 196602213
-627401366 197044216
-626983560 198369636
-626820324 198884838
-626562955 199694169
-626045080 201311832
-625879428 201826262
-625665823 202487472
-625140736 204102809
-624635628 205643451
-624078059 207329386
-623809786 208135170
-623196205 209965203
-622974003 210623573
-622353122 212451141
-621575788 214714784
-621449640 215079622
-620713759 217194217
-619970682 219306293
-619350287 221052298
-618541668 223304953
-618200129 224248738
-617883587 225119459
-617353289 226569667
-616578312 228670249
-616470858 228959777
-616201626 229683375
-615714872 230985054
-615170806 232430154
-614870126 233224413
-614155348 235100205
-613851218 235893151
-613156211 237693835
-612371529 239708170
-612033213 240570664
-611153605 242796560
-610868131 243513906
-610380896 244732625
-610093152 245449063
-609775662 246236754
-609631013 246594660
-609021190 248096934
-608231690 250026213
-607347303 252166908
-606485234 254233274
-605495707 256581070
-604648980 258570119
-603887455 260343696
-603428041 261406767
-602565462 263388994
-602255818 264096243
-601820925 265085781
-601071612 266780464
-600537958 267979583
-600191380 268754916
-599336442 270656100
-598986408 271429880
-598922660 271570518
-598379451 272765339
-598090905 273397452
-597156607 275432179
-596573215 276693508
-596508229 276833580
-595758529 278443304
-594741189 280609719
-594047549 282075180
-593649561 282911817
-592983629 284304962
-592916858 284444191
-592482035 285348794
-591944978 286461239
-591405829 287572672
-591203112 287989199
-590287249 289861796
-589912420 290623871
-589091194 292284898
-588403266 293667315
-587330572 295806859
-586250093 297942485
-586110113 298217762
-585970001 298492974
-584809151 300760956
-584420251 301515948
-583247703 303777903
-582066400 306035297
-581093380 307878842
-580984905 308083489
-580368860 309242436
-579312621 311216617
-578580268 312576021
-578359941 312983508
-577364915 314815267
-576920818 315628369
-576846690 315763824
-575991941 317320316
-575469601 318266613
-575432230 318334172
-574457842 320089184
-574269845 320426344
-573666926 321504517
-572682868 323254125
-571693475 325000722
-571081967 326074047
-570545246 327012262
-570160930 327681874
-569660145 328551696
-569041972 329621194
-568033159 331356647
-567370689 332489699
-567214484 332756106
-566235377 334419491
-565803024 335150468
-564935486 336610745
-564262535 337737603
-564103868 338002550
-563467952 339061595
-562790113 340185518
-562550340 340581874
-561829346 341769927
-560743152 343549143
-559610779 345390608
-559001664 346375573
-558798239 346703658
-557491766 348800556
-556136226 350957826
-555558624 351871443
-555145133 352523444
-554813790 353044694
-553733542 354736608
-553566894 354996609
-553316689 355386464
-552355032 356879273
-552271219 357008960
-551557581 358110502
-550546353 359663188
-549996781 360503037
-549148780 361793469
-548553380 362695586
-547614753 364111216
-546500762 365781103
-545338532 367511608
-544387480 368918919
-543302330 370515150
-542387186 371853516
-542343526 371917191
-541906509 372553663
-540942445 373952094
-540283060 374904139
-539401270 376171724
-538073015 378069209
-536782689 379898988
-536291626 380591891
-535978666 381032500
-535486140 381724364
-535261971 382038638
-534318441 383357145
-533958147 383858821
-532466956 385924654
-531331944 387485823
-530603133 388483220
-529277394 390287504
-528910594 390784444
-528129592 391839293
-528083586 391901295
-527669196 392459064
-526561280 393944306
-525866709 394870994
-525820347 394932730
-525356320 395549787
-525309877 395611463
-523819899 397582205
-522510103 399302002
-521806105 400221548
-521053388 401201028
-519495106 403216732
-519068765 403765421
-518071716 405043940
-516498569 407048063
-514917668 409046076
-513570235 410736547
-512507643 412061662
-511296004 413564135
-509836223 415362400
-509201685 416140049
-507732845 417930922
-507290963 418467174
-507045229 418764890
-505764597 420310683
-504380182 421971005
-504281086 422089424
-502841083 423803897
-501844577 424983431
-500895335 426101819
-499240733 428039238
-499190476 428097847
-497881390 429619621
-496213180 431545337
-496162512 431603591
-494995257 432941790
-494232058 433812828
-493109927 435087917
-493058844 435145808
-492496471 435782199
-492035734 436302341
-491471869 436937410
-490855807 437629381
-489156618 439527816
-487812689 441018909
-487553719 441305186
-486568104 442391655
-485111209 443988752
-483701379 445524266
-482444119 446885411
-481656384 447734325
-480603747 448864050
-480129196 449371618
-478861109 450722683
-478172638 451453015
-477058144 452630560
-476951850 452742564
-476153809 453581797
-475034072 454754359
-474713616 455088870
-474018489 455812868
-473268653 456591370
-471496133 458421526
-471011487 458919467
-470364476 459582589
-469770563 460189651
-469716532 460244801
-468092596 461896330
-467604281 462390672
-467224120 462774803
-465645810 464362873
-465264028 464745394
-464663451 465345866
-464554173 465454957
-463350414 466653287
-462363222 467631424
-461098804 468878225
-460437774 469527374
-458615230 471307721
-456841339 473027365
-456063235 473777610
-454280084 475487648
-453553845 476180434
-452938510 476765774
-452546541 477137848
-451424944 478199140
-449681554 479838929
-449230678 480261070
-448440693 480998796
-448327738 481104080
-446630466 482680146
-446403743 482889836
-446006744 483256539
-445268659 483936689
-443675416 485397798
-442934064 486074390
-442134532 486801758
-441276565 487579625
-440818423 487993868
-440130481 488614425
-438751980 489852629
-438406808 490161572
-438061421 490470274
-436273457 492061346
-435232630 492982205
-433725785 494308446
-432854612 495071491
-431166541 496542357
-430349819 497250371
-429064052 498360248
-428771432 498612029
-427247431 499918523
-425307393 501570054
-424010484 502666893
-423715338 502915708
-421941396 504404952
-420221610 505838607
-420043422 505986582
-419508547 506430128
-418139519 507561068
-417304706 508247655
-416707719 508737234
-415452179 509763066
-414074165 510883043
-413954195 510980254
-412693134 511999291
-412392511 512241462
-411068084 513304908
-410163492 514028022
-408289974 515517404
-406896450 516618019
-406168214 517190757
-404709326 518333154
-404039597 518855378
-403308211 519424088
-402270714 520227998
-401353945 520935609
-400925693 521265275
-400190915 521829597
-398166189 523376139
-396689906 524495962
-396258730 524821796
-395518948 525379539
-394901863 525843528
-393913396 526584405
-392675857 527507885
-391746281 528198588
-390567075 529071127
-388763490 530397818
-388015860 530944996
-387329855 531445652
-386330877 532172295
-386143417 532308331
-385205398 532987523
-384892460 533213552
-384829857 533258736
-384767247 533303913
-383012046 534565869
-382698182 534790613
-382007216 535284397
-381504294 535642950
-380560411 536313966
-378984648 537428632
-378479715 537784345
-378163961 538006427
-377342393 538582969
-377152675 538715840
-375506501 539864582
-375126116 540128962
-373602719 541183801
-371566913 542583566
-370929646 543019423
-370802131 543106505
-369270364 544149148
-367479594 545360105
-365941489 546393377
-365877339 546436337
-364400478 547422313
-363307178 548148512
-361954633 549042567
-361374297 549424712
-359760137 550483007
-359178279 550862832
-357365496 552040577
-355483900 553254094
-354964113 553587731
-354899118 553629401
-353402875 554585707
-351904054 555537968
-351316861 555909490
-350402668 556486179
-348375021 557757780
-346211487 559103303
-345489153 559549945
-345160628 559752657
-344503224 560157502
-342791750 561206481
-341736946 561849408
-341275091 562130065
-340614897 562530346
-339160819 563408231
-337969436 564123709
-337770724 564242708
-337306903 564520107
-337174341 564599293
-335316521 565704630
-334452729 566215744
-333654691 566686372
-333588158 566725541
-331389991 568013707
-329520978 569100012
-327782278 570103215
-326978769 570564442
-325571068 571368861
-324900039 571750699
-324564356 571941323
-322615194 573043048
-321470841 573685799
-319988014 574514201
-319245800 574926965
-318097694 575562989
-316948321 576196719
-316610030 576382673
-315729962 576865226
-315662235 576902289
-315052486 577235506
-314645792 577457292
-314577994 577494227
-314035459 577789431
-312406190 578671988
-311930519 578928534
-311386636 579221253
-311046572 579403942
-309480890 580241739
-307844730 581111452
-305591021 582299773
-304565090 582837030
-304154453 583051428
-302373283 583977135
-300314588 585038499
-298458577 585987521
-296323904 587069877
-294668556 587902492
-294392436 588040808
-293632775 588420505
-292665224 588902338
-292042809 589211248
-291696882 589382579
-291420069 589519501
-290104326 590168093
-289480577 590474296
-289272587 590576217
-288787141 590813747
-287260185 591557676
-285522680 592398258
-285383573 592465285
-284409386 592933554
-282319257 593931591
-280085926 594988042
-278548216 595709483
-277498711 596199096
-275397125 597172772
-274836123 597431169
-273853788 597882095
-273502774 598042750
-272449168 598523472
-271465041 598970474
-269776260 599732996
-269212856 599986114
-266956871 600993284
-266462871 601212472
-265615596 601587277
-263636572 602457182
-261442189 603412695
-261017069 603596709
-259315294 604329773
-259031464 604451485
-256900926 605360069
-255478794 605961617
-255194199 606081529
-254980716 606171371
-254624839 606320946
-252559031 607184349
-251346677 607687211
-251132628 607775698
-249990508 608246368
-249561985 608422314
-248347166 608919191
-246272548 609761206
-245198348 610193958
-243836604 610739395
-242401877 611310254
-241468588 611679507
-240319152 612132015
-239528423 612441860
-237369862 613281702
-236721719 613532172
-236145369 613754236
-235568812 613975760
-233332692 614829043
-232105119 615293516
-230298186 615972113
-229864225 616134187
-229647203 616215109
-227475413 617020124
-225518390 617738094
-223268644 618554775
-221306777 619259402
-219124317 620035024
-216793365 620853875
-214824243 621537966
-214240383 621739460
-214167388 621764607
-213145139 622115783
-212487674 622340651
-210294417 623085190
-209270003 623429999
-209196809 623454562
-208977209 623528207
-206926365 624211803
-206266690 624430100
-206046746 624502712
-205973426 624526898
-204212896 625104784
-202009954 625820163
-201863002 625867578
-200392870 626339839
-198480048 626948617
-196491697 627574625
-194427620 628217158
-192287610 628875483
-191475298 629123286
-189849717 629615743
-189406156 629749319
-188740639 629949101
-188000929 630170254
-185780247 630828501
-183853791 631392651
-183631397 631457368
-182074003 631908186
-181999813 631929557
-181109346 632185337
-180886673 632249087
-178658713 632882266
-177841239 633112464
-176502912 633486874
-175610256 633734908
-174866111 633940644
-174121723 634145506
-171812603 634775021
-169799579 635316458
-167710195 635871204
-166141967 636282754
-163825121 636883214
-163675573 636921663
-162628478 637189828
-161506105 637475235
-160158596 637815115
-159933941 637871484
-157686309 638430831
-155661767 638927470
-153860860 639363537
-151457753 639937064
-149428467 640413952
-148977310 640519053
-146795680 641022563
-145214815 641382535
-144311067 641586481
-142125830 642074097
-140014382 642537835
-139184469 642718120
-138882625 642783410
-137523948 643075471
-136089124 643380639
-133897826 643840253
-131629333 644307859
-131402393 644354178
-129661984 644706651
-129359207 644767473
-127920628 645054425
-127541949 645129406
-126935971 645248912
-124965771 645633374
-122994406 646011821
-122615166 646083910
-121704816 646256015
-120187032 646540004
-119427890 646680659
-116997537 647124774
-114945640 647492391
-112740465 647879993
-111294985 648129867
-110686195 648234112
-110077309 648337785
-107716960 648734117
-105278974 649134220
-103220767 649464679
-101695499 649705259
-100932654 649824206
-99940748 649977494
-98719621 650164081
-98185268 650244992
-97116364 650405495
-96505444 650496422
-94366556 650810150
-92073759 651138480
-90850465 651310286
-88479426 651636623
-86030671 651964432
-84882397 652114926
-82431872 652429217
-81819057 652506353
-79673641 652771790
-78600609 652901861
-76683954 653129750
-74613225 653369547
-72311536 653628289
-71313858 653737891
-69471554 653936235
-68934111 653993109
-67014295 654192617
-65478025 654348169
-63326643 654559877
-63172947 654574728
-61020832 654778859
-58483567 655010358
-58329765 655024073
-57022316 655139185
-54483685 655355190
-53098630 655468866
-52098165 655549142
-50173853 655699230
-48942066 655792323
-47017055 655933146
-46863036 655944169
-44552452 656105158
-43628062 656167272
-42395407 656248067
-40546146 656364919
-40006717 656398021
-38773635 656472013
-37309174 656556871
-35381968 656663546
-33608670 656756694
-31912242 656841309
-30292726 656917993
-29675718 656946155
-29444334 656956566
-27747403 657030426
-26898868 657065712
-25741703 657112061
-23658606 657190359
-21729600 657256968
-19260202 657333964
-16790532 657401685
-15709975 657428395
-14783749 657449875
-12545253 657496399
-12236483 657502218
-10538200 657531629
-9997823 657540067
-8222250 657564668
-5906198 657589548
-4362120 657601603
-3976097 657604050
-2354785 657611856
-2277579 657612127
-1196696 657614982
270221 657616017
1428314 657614519
2200373 657612391
3512867 657606688
5674588 657591589
5751791 657590917
7836248 657569380
7913448 657568457
9997823 657540069
11464546 657516129
12545253 657496399
13239975 657482776
14397813 657458441
16095893 657419059
18411282 657358292
19337375 657331700
20572106 657294215
22732708 657223037
23812918 657184786
26358868 657087594
28210222 657010715
30138477 656925088
30524097 656907283
31526660 656859931
33377352 656768490
35690342 656646858
37000842 656574319
37463336 656548090
38542417 656485628
39313126 656439926
41393765 656312009
42472452 656243085
44013235 656141550
46400965 655977017
47787109 655877496
49865923 655722720
51867270 655567453
52252090 655536892
53329489 655450122
53945081 655399746
55791569 655245143
57714524 655078569
58944954 654969000
59329421 654934284
61405187 654742927
62865543 654604323
63326643 654559879
63403490 654552439
63710869 654522591
65938945 654301881
66553452 654239661
66783878 654216181
67014295 654192617
68934112 653993108
70623060 653812879
71697600 653695918
73232321 653525763
75380250 653281499
75993795 653210412
77450696 653039268
79903549 652743686
81436012 652554270
81895663 652496741
82202075 652458209
83733861 652263396
85265185 652064986
87790838 651729750
89932785 651437634
90085744 651416501
92073759 651138481
93373153 650953417
93449576 650942451
94290148 650821225
95665289 650620512
97879894 650291029
98185268 650244994
99177585 650094381
99635499 650024357
100017056 649965757
101542941 649729118
101619220 649717193
103373262 649440424
105736211 649059898
106955251 648860132
108935384 648530630
111066701 648169025
111218891 648142929
111675428 648064423
113120761 647813700
115173686 647451866
116161719 647275330
116921561 647138505
118744522 646806491
120187032 646540002
122463458 646112684
124586752 645706621
126860215 645263808
127769162 645084442
128753567 644888684
131175437 644400420
133444260 643934411
134729192 643666793
135258127 643555854
136844380 643220423
137146429 643156088
137674943 643043162
138807159 642799711
140542386 642422553
141221110 642273692
143482379 641772315
145064211 641416614
145892437 641228737
146344095 641125808
146645160 641057012
147773864 640797769
149578836 640378848
150480878 640167481
152058731 639794528
154386251 639236876
154611387 639182460
156261795 638780986
158510669 638226657
159933941 637871485
161730620 637418313
163974661 636844728
165917852 636341233
166739507 636126430
167635541 635890888
168307348 635713406
169128190 635495517
171439950 634875768
173749440 634247609
173972818 634186372
175982239 633631713
176800386 633403917
178807313 632840297
178881609 632819300
180589741 632333966
182815757 631693990
184150281 631306241
185928364 630784861
188222869 630103999
188814596 629926937
189701874 629660301
190662666 629370038
192287610 628875483
192509094 628807718
193099602 628626632
193911271 628376732
194206344 628285598
194648871 628148640
194796360 628102918
195607351 627850828
197964739 627111520
200025164 626457365
201054567 626127748
201275082 626056897
202377286 625701472
203405443 625367990
204946648 624864601
205460106 624695960
206339998 624405880
207732322 623944052
208171788 623797567
210440715 623035795
212633798 622290740
212999056 622165814
213437269 622015617
214240384 621739458
215699676 621234695
217303524 620675500
218396225 620291855
219997629 619725698
220652326 619492896
222396979 618868712
223413879 618502332
224865544 617976039
225953481 617579080
227909998 616859733
229574855 616242066
231888391 615375227
232032880 615320763
232177354 615266261
233982207 614582154
235712970 613920430
236145369 613754235
237873791 613086419
238809231 612722653
239672222 612385599
241037649 611849449
241971198 611480855
243549766 610853837
245341618 610136367
246845143 609529633
247703626 609181263
248918970 608685670
250347516 608099513
251703355 607539561
251917321 607450872
252345159 607273265
253342959 606857680
254980715 606171372
255336504 606021590
255621071 605901615
255905582 605781504
256047816 605721398
257966595 604906714
258037611 604876423
258534625 604664158
259811859 604116460
261371344 603443384
263282875 602611837
263495105 602519069
264979794 601867600
265615596 601587276
266109905 601368784
266462872 601212472
266674608 601118583
268931065 600112472
269494587 599859620
270902353 599225176
272800464 598363439
274625685 597527934
276027961 596881448
277288707 596296797
278198477 595872894
279387199 595316462
279457088 595283659
280435146 594823526
281412445 594361787
283086045 593566500
284200530 593033687
285870378 592230551
287121275 591625111
288162709 591118559
288925860 590745923
290727753 589861231
291973632 589245530
293632775 588420504
294944609 587764047
295358569 587556137
297288437 586582035
298252167 586092605
300451950 584967968
301893256 584225435
304154453 583051427
304222903 583015714
304770352 582729722
305864442 582156198
307640038 581219842
308731287 580640929
310502243 579695829
312474126 578635306
312542057 578598616
313492646 578084128
314035459 577789431
316000831 576716890
316068537 576679787
317894956 575674990
318300393 575450917
318840730 575151707
319313296 574889482
321201395 573836702
322682469 573005167
324094212 572207863
326040522 571101109
327916132 570026233
329120012 569331990
331323302 568052608
332323157 567468253
333188862 566960387
334186790 566372746
335050822 565862035
335316522 565704630
335648542 565507696
336046813 565271117
338234319 563964932
338300528 563925218
339028518 563487855
340416747 562650278
340482802 562610308
341407073 562049916
342725860 561246722
343713710 560642295
344108552 560400037
344437457 560197943
344634743 560076593
345620529 559468808
347195558 558492740
347261124 558451974
348505976 557675965
350141297 556650670
350598647 556362729
352686368 555041640
353663277 554419682
353858526 554295085
354313938 554004089
356457656 552627214
356587406 552543499
356846848 552375981
357624703 551872694
357883830 551704686
359695507 550525240
361180761 549551957
362534565 548659808
363821854 547807042
364657515 547251125
365363950 546779738
366967217 545705012
367543620 545316958
367735662 545187472
369334246 544105791
370100436 543584919
372140015 542190654
373920338 540964396
374237829 540744806
376140059 539423351
376646534 539069833
377848078 538228322
377911265 538183959
379930499 536760387
381441405 535687736
381692929 535508549
382886517 534655789
384579388 533439399
385142821 533032742
387017822 531672928
388950277 530260860
390815491 528887654
392799708 527415669
394284233 526306793
395518947 525379538
396751481 524449387
397243882 524076516
399025896 522720988
400374685 521688613
401231614 521029834
402392857 520133527
402576028 519991769
404222316 518713037
405256786 517905236
406593116 516856785
407139014 516426877
407987287 515756989
408834457 515085706
409559723 514509214
409680522 514413032
411429563 513015215
412091746 512483455
413474087 511368825
415272609 509909361
417245032 508296646
417722254 507904533
418913694 506922297
420518473 505591843
421052461 505147229
422119027 504256310
422710748 503760381
423420046 503164349
425071802 501769728
426836443 500269475
427775421 499466801
428829968 498561687
430466565 497149308
431166540 496542357
432389438 495477821
434305820 493798897
436157906 492163773
436273457 492061345
437427645 491035592
438866988 489749594
440417231 488355978
441562707 487320503
443162281 485866328
444643315 484511321
444700195 484459115
446006743 483256539
446233637 483047034
447423217 481945392
447592935 481787776
447875675 481524949
449287059 480208325
450244589 479310659
451986054 477668822
452882534 476818946
453050446 476659408
453274241 476446597
454224256 475540979
455896338 473938210
457007917 472866430
457784524 472114634
459554977 470391454
459831026 470121606
461208887 468769942
462198489 467794244
463569510 466435640
464062100 465945559
465154889 464854628
465373141 464636135
466190666 463815870
467875632 462116100
468742867 461236405
469067656 460906098
470634177 459306399
470795921 459140608
472195245 457701375
473857917 455979792
473911447 455924158
474713616 455088870
475994024 453749475
476845530 452854544
478437566 451172242
480129197 449371619
481708946 447677774
482024178 447338337
482863631 446432090
483282718 445978375
483701379 445524266
484850496 444273444
486308329 442677203
487501906 441362425
488330123 440445897
489723830 438895737
490547410 437975039
492138169 436186796
492803322 435435167
493773402 434334806
493875373 434218853
494486628 433522631
494791886 433174199
496061154 431720081
496719486 430962469
497174576 430437381
497427164 430145457
498032676 429444236
498838486 428507948
499391461 427863373
500094042 427041973
500595058 426454553
501595020 425277950
502990319 423626766
503586642 422917713
504132393 422267012
504479250 421852561
504528774 421793330
505468395 420666850
506109845 419894893
506208426 419776043
507438319 418288476
508419088 417095826
508614905 416857020
508761696 416677855
509543507 415721436
510615561 414403965
512168830 412482712
512942753 411519902
513232510 411158473
513763065 410495322
515109704 408804219
515972461 407714748
517500563 405773417
519068764 403765421
519731710 402911712
520959168 401323364
522040951 399915171
523118927 398504061
523539705 397951096
524146466 397151583
524891570 396166299
526005754 394685754
527438726 392768746
528313547 391591233
528681105 391094855
530192356 389043653
531104392 387797655
532512260 385862137
533145763 384986355
534588352 382980667
535754901 381347062
536380978 380465957
537272857 379205453
537317372 379142372
538560819 377374008
538915020 376868012
540062890 375221230
540150980 375094408
540678893 374333052
541468745 373189622
542823380 371216480
543953982 369557793
544517382 368727157
545769626 366871110
546328925 366037706
547486476 364304069
547828399 363789695
548936308 362115766
549361063 361471048
549912116 360632170
550292864 360050914
551683677 357916215
551725694 357851443
552061554 357333090
553191485 355581326
553775187 354671594
554606451 353370319
555310621 352262702
555475987 352001882
556671223 350108621
557327904 349062324
557778229 348342280
558472358 347228342
558513120 347162773
558838939 346638051
560137277 344536106
561307067 342627017
562590320 340515827
563428141 339127746
564737793 336942313
565684946 335349729
566235377 334419491
566784279 333488349
566901700 333288701
567370688 332489698
567409721 332423085
567643743 332023307
568732133 330155507
569621569 328618574
570006985 327949593
570583634 326945275
571120245 326006997
571464396 325403352
571998470 324463630
573061984 322581555
573099852 322514273
574119305 320695995
574532984 319954289
574683176 319684446
575020644 319077041
575693651 317861162
575991939 317320316
577068977 315357404
578212897 313255078
579312623 311216617
580150880 309651182
580948733 308151696
581598639 306923314
582604441 305009776
582783385 304667725
583959385 302407563
584773839 300829612
585619156 299180716
586669264 297116257
587712097 295048113
588575554 293321863
589468171 291523882
589502391 291454675
589639198 291177805
590185121 290069683
590661094 289099236
591743042 286878145
592783212 284722602
593715973 282772416
593782354 282633000
594246102 281656651
595135933 279771546
595758529 278443305
596215384 277463713
596475723 276903610
597188938 275362069
598187161 273186781
599113809 271148558
599495219 270304235
599653788 269952275
600096684 268966292
600349040 268402547
600789388 267415424
600946261 267062706
601196829 266498163
601852042 265015123
602193792 264237650
602534534 263459735
603489403 261265071
603856885 260414593
603948569 260201892
604921856 257931086
605405301 256794315
606036576 255300929
606096508 255158621
606813056 253449825
606842805 253378582
607317695 252238210
607908292 250811495
608319714 249811972
608817092 248597358
608904611 248382911
609108534 247882415
609515141 246880923
609977820 245735543
610409626 244660962
611210598 242653051
611863597 241001732
612315228 239851951
612343383 239780062
612512137 239348656
613407023 237045823
613434849 236973806
613573850 236613669
614017234 235460683
614540940 234090434
615361616 231924515
615741984 230912766
616201626 229683375
616470856 228959777
617166879 227076946
617751332 225482128
618331662 223885805
618567879 223232334
618829535 222505961
619402176 220906864
619919171 219451860
619996425 219233506
620662744 217339958
621297978 215517330
622053196 213327725
622850255 210989232
623048147 210404142
623220851 209892037
623589515 208794189
623687498 208501321
623711975 208428096
623834217 208061931
623883054 207915446
624272513 206743145
624635629 205643451
624924726 204763236
625116769 204176201
625808303 202046691
626257444 200650223
626983561 198369635
627053388 198148794
627447617 196896892
627586158 196454857
628296998 194169462
628592616 193210302
629044552 191733795
629715955 189517055
630291517 187593978
630533258 186779841
630926562 185446945
631252166 184335566
631597317 183149465
632238469 180923787
632534988 179884367
632640474 179513028
632997495 178250013
633060238 178027054
633331212 177060644
633827599 175275421
634196585 173935590
634704368 172073425
634986336 171029964
635006413 170955414
635026478 170880860
635644194 168568555
635861359 167747522
636155784 166627479
636389903 165731073
636854353 163937277
636912055 163712961
637522612 161318994
638049467 159222404
638310312 158173463
638808494 156149300
639009618 155324190
639027850 155249167
639498768 153297825
639552721 153072578
639624537 152772219
639981491 151269920
640352497 149691608
640597671 148638894
641168735 146155913
641544098 144499371
642049057 142238900
642513168 140127533
642824147 138693957
643308652 136429012
643785176 134162376
644145105 132423493
644269196 131818436
644331030 131515865
644408120 131137610
644576937 130305289
644911349 128639997
644941538 128488564
645016852 128109951
645106935 127655557
645596667 125155263
645903272 123563187
646019040 122956484
646433925 120756279
646757642 119010292
646980056 117795180
646993880 117719221
647323008 115895737
647740521 113539042
647939466 112398165
648357160 109963132
648778325 107450379
648966544 106307682
649053690 105774312
649066105 105698110
649140398 105240869
649494949 103030139
649853800 100741921
650030204 99597341
650065243 99368388
650146687 98834117
650342650 97536322
650614895 95703482
650637349 95550711
650870948 93946297
650914994 93640629
650925984 93564209
651078890 92494191
651165476 91882641
651411211 90123983
651548003 89129667
651703955 87982122
651939154 86222024
652129865 84767556
652385578 82776548
652701380 80248392
652738995 79941866
653043816 77412362
653061974 77259021
653347620 74804991
653426295 74114603
653641013 72196428
653775476 70968468
653841843 70354394
654029435 68588588
654149208 67436705
654390312 65055488
654496357 63979815
654511360 63826133
654571019 63211371
654775277 61059269
655000048 58598916
655182511 56522350
655339172 54676035
655364775 54368273
655396577 53983554
655588708 51597886
655618885 51213036
655636882 50982118
655795195 48903570
655902652 47440593
655935907 46978551
655946920 46824531
656102540 44590966
656180049 43435469
656309578 41432291
656386249 40199373
656409733 39814057
656474287 38735099
656532642 37733116
656623676 36114343
656746801 33801432
656782151 33107476
656898295 30716903
656954835 29482898
657041770 27477420
657057788 27091721
657140364 25008790
657224370 22694128
657307363 20147675
657376336 17755277
657434796 15439829
657452468 14667969
657467601 13973278
657508589 11889113
657524689 10962778
657535904 10268012
657549719 9341641
657575168 7334440
657587787 6099205
657603817 4014699
657607691 3319854
657611994 2316182
657616073 0
657611992 -2316182
657602361 -4246313
657591253 -5713190
657583328 -6562421
657560232 -8569650
657525969 -10885582
657518139 -11348754
657488161 -12969807
657436602 -15362644
657427470 -15748567
657408528 -16520397
657344049 -18912920
657307361 -20147675
657278325 -21073695
657258241 -21691018
657174946 -24082961
657110551 -25780276
657012371 -28171654
656919768 -30254164
656898294 -30716903
656805308 -32644817
656746800 -33801432
656738845 -33955639
656702602 -34649550
656640563 -35805980
656623676 -36114343
656537066 -37656037
656428359 -39505794
656328962 -41124075
656294945 -41663448
656220556 -42819149
656200376 -43127314
656138965 -44051752
655985180 -46285444
655902651 -47440593
655885900 -47671605
655818090 -48595595
655636883 -50982118
655478205 -52983198
655351990 -54522155
655339172 -54676035
655169219 -56676189
655075181 -57752978
654979369 -58829610
654923826 -59444758
654916843 -59521647
654832337 -60444260
654789595 -60905522
654746529 -61366753
654593242 -62980821
654585845 -63057672
654496358 -63979815
654397946 -64978659
654188684 -67052697
654117469 -67743894
653874811 -70047334
653825307 -70507919
653598518 -72580113
653312418 -75111803
653294763 -75265203
653241582 -75725378
653107214 -76875649
652952480 -78179003
652729606 -80018499
652443723 -82316975
652356380 -83006320
652336872 -83159495
652297748 -83465831
651989654 -85839311
651929025 -86298564
651908744 -86451638
651776039 -87446507
651610626 -88670682
651358194 -90506356
651294279 -90965163
651251487 -91271009
651122256 -92188426
651024482 -92876369
650737946 -94863175
650704494 -95092366
650388384 -97230902
650319730 -97689024
649971628 -99978903
649746991 -101428519
649711226 -101657360
649470739 -103182642
649361349 -103868834
649275769 -104402458
648878959 -106840982
648778323 -107450378
648613573 -108440445
648227612 -110724248
648201597 -110876453
648175544 -111028651
648162504 -111104749
647727187 -113615089
647633598 -114147367
647579920 -114451492
647309396 -115971734
647076645 -117263438
646841316 -118554674
646673648 -119465851
646205949 -121970360
645816070 -124018143
645360430 -126367764
644896243 -128715711
644881125 -128791423
644866002 -128867134
644835723 -129018548
644653317 -129926890
644361891 -131364568
644191706 -132196610
644036059 -132952821
643690511 -134615837
643340669 -136277956
642840426 -138618486
642463773 -140353824
641965451 -142615768
641730174 -143670738
641185890 -146080637
640702217 -148187608
640246893 -150142647
639874776 -151720697
639534747 -153147662
639282161 -154198623
639027851 -155249168
638845143 -155999299
638661553 -156749216
638624731 -156899174
638587872 -157049123
638458589 -157573876
638384522 -157873686
637824516 -160121155
637503668 -161393840
637389819 -161842870
636912055 -163712961
636525890 -165208018
635959718 -167374232
635624398 -168643181
635425966 -169389308
634946160 -171179058
634663947 -172222453
634032941 -174531166
633414292 -176763204
633122901 -177804073
632682608 -179364475
632661545 -179438753
632619396 -179587301
632556102 -179810104
632323364 -180626860
631747619 -182630342
631317050 -184113222
630664671 -186335635
630181289 -187963937
630137135 -188111902
630026603 -188481770
629314050 -190847383
628683280 -192915086
628045717 -194980705
628022822 -195054438
627678347 -196160113
627192813 -197707036
626656665 -199399905
626139550 -201017811
626115946 -201091321
625713351 -202340557
625523031 -202928153
625044818 -204396361
624972789 -204616494
624296780 -206669852
623809785 -208135170
622998726 -210550432
622577259 -211793427
621827441 -213984886
621120651 -216027853
620764741 -217048463
620560609 -217631405
620227727 -218578276
619376236 -220979583
619220420 -221415828
618462978 -223522797
617777798 -225409600
617060173 -227366750
616336349 -229321615
615769090 -230840474
614979582 -232935637
614210533 -234955991
614182944 -235028100
614072504 -235316502
613212004 -237549856
612792718 -238629382
612174327 -240211349
612146121 -240283219
611210596 -242653050
610467057 -244517627
610265900 -245019241
610208352 -245162528
610035504 -245592310
609166720 -247739386
608612584 -249097613
607967167 -250668748
607613411 -251525027
607139863 -252665955
606693964 -253734765
606036577 -255300929
605796524 -255870021
605586041 -256367792
605254453 -257149653
604740014 -258357140
604527486 -258854041
603703914 -260769021
603120725 -262115031
602379775 -263813387
601976431 -264732457
601259386 -266356991
600946262 -267062705
600128258 -268895837
599336444 -270656100
598922658 -271570518
598667330 -272132921
598443481 -272624828
598347423 -272835588
597640728 -274380130
596605694 -276623467
596182806 -277533710
595856561 -278233456
595463985 -279072645
595431215 -279142552
594411336 -281307770
593815532 -282563285
593083729 -284096090
593017003 -284235343
592783212 -284722602
591944978 -286461239
590898483 -288613720
589980644 -290485348
589605009 -291247028
588506662 -293460056
588127189 -294219829
587052483 -296358364
586773875 -296909608
586285069 -297873656
585759590 -298905669
585689390 -299043201
584561782 -301241464
583994885 -302339003
583069281 -304120226
582066400 -306035298
581418370 -307264669
581274009 -307537677
581093380 -307878842
580223571 -309514951
579932610 -310059775
579568191 -310740420
579458711 -310944531
578543568 -312643946
577401870 -314747481
576549863 -316305474
576475575 -316440843
575991940 -317320315
574795737 -319482016
574345066 -320291493
573478099 -321841213
573061984 -322581555
572340990 -323859058
571158515 -325939944
570737109 -326677286
569775828 -328351036
569119352 -329487571
568693367 -330222276
568421791 -330689530
567682722 -331956662
566979944 -333155580
566117556 -334618904
565132984 -336279061
564381456 -337538843
564341824 -337605101
563865632 -338399831
562710218 -340317656
562270250 -341044076
562069955 -341374080
561105843 -342956454
560662471 -343680799
560379837 -344141448
559042324 -346309942
558145986 -347752721
557900885 -348145803
557122903 -349389423
556465609 -350435334
556383308 -350565987
555475986 -352001881
554979522 -352784108
554024887 -354281417
553191484 -355581325
552731812 -356295439
552061554 -357333090
551641653 -357980982
550757387 -359339948
550504125 -359727822
549530755 -361213020
549445926 -361342045
548638527 -362566771
548340375 -363017532
547871105 -363725377
547614755 -364111216
546414858 -365909415
545338534 -367511607
544776986 -368343498
544127472 -369302305
543736951 -369877039
542866960 -371152747
541862768 -372617282
540415070 -374713824
539533728 -375981718
538117398 -378006036
536916459 -379709905
536827288 -379835967
535530954 -381661494
534678263 -382855130
533507116 -384485442
532919677 -385299254
532421644 -385987164
531377434 -387423439
529963890 -389354818
529918173 -389417034
529735240 -389665848
528727017 -391032784
527254218 -393016395
526329937 -394253337
524845054 -396227922
523913239 -397459198
523306012 -398258353
521993996 -399976457
521477017 -400650245
520487643 -401934710
519021357 -403826358
517548197 -405712658
517262277 -406077128
516116032 -407532993
515013699 -408925160
514965687 -408985622
514821607 -409166971
514485170 -409589925
513184233 -411218724
511587198 -413203867
510955955 -413984191
510712851 -414284059
509445879 -415841068
509152825 -416199829
507830963 -417811691
507634698 -418050130
506405502 -419538275
505665889 -420429429
504776285 -421497092
503983635 -422444545
503934033 -422503712
502293348 -424452931
502143821 -424629818
501245348 -425690028
501045382 -425925371
499441690 -427804741
499240733 -428039237
499190475 -428097847
499089942 -428215049
497780500 -429736514
496466418 -431253976
495959771 -431836547
495807642 -432011203
495147712 -432767421
494333906 -433696769
492905550 -435319441
491677006 -436706560
490495987 -438032628
488898523 -439814883
488226690 -440560548
487035276 -441877286
485580069 -443475923
485006944 -444102648
484433011 -444728631
482863631 -446432090
481498658 -447903942
480023667 -449484343
479654109 -449878686
477907547 -451733632
477429965 -452238350
476739185 -452966498
475460979 -454307995
474285976 -455534533
474179000 -455645884
473322257 -456535803
471711360 -458200054
470310518 -459637808
469013541 -460961166
467984126 -462006229
466190664 -463815870
465100311 -464909236
463624267 -466381212
463076402 -466925200
463021579 -466979565
461208888 -468769943
460327512 -469635473
459278771 -470661140
457895366 -472007129
457063429 -472812773
455228182 -474580023
453889163 -475860825
453274242 -476446596
451537217 -478093129
451481084 -478146137
450638345 -478940475
450413378 -479152049
450357121 -479204925
450188314 -479363515
449061497 -480419263
447932206 -481472364
447253444 -482102951
446800443 -482522809
445836509 -483413597
445155015 -484041228
443618425 -485449885
442134532 -486801760
441562706 -487320503
441162068 -487683225
439326779 -489337182
438176575 -490367399
436735420 -491651370
436446738 -491907655
435058970 -493135467
434073879 -494002800
432273084 -495579335
431108242 -496592973
430991627 -496694187
429356522 -498108296
428185749 -499115078
427892688 -499366343
427423481 -499768010
427188736 -499968680
425778293 -501170373
425660602 -501270336
425307392 -501570054
424777182 -502019167
424541380 -502218592
422592450 -503859622
421941395 -504404952
421052460 -505147229
419330152 -506577853
418258687 -507462874
417483689 -508100645
416409011 -508981761
415212742 -509958112
414553817 -510493907
414074166 -510883042
413714188 -511174596
413534120 -511320279
411790838 -512725270
410525481 -513738968
410103140 -514076173
408592520 -515277643
407623876 -516044254
407260264 -516331264
405925290 -517381441
405682276 -517572012
404283212 -518665577
403369192 -519376736
402392856 -520133528
400435930 -521641604
400007098 -521970515
398596178 -523048740
397735934 -523703184
396443553 -524682197
394593116 -526075251
392923537 -527323422
392799708 -527415669
390877581 -528841766
390007825 -529483516
389385926 -529941032
387329856 -531445651
385705825 -532625493
384579389 -533439398
384454124 -533529686
383827478 -533980679
382572599 -534880458
380623373 -536269284
379426191 -537116991
377405622 -538538665
375506500 -539864582
373983847 -540920493
372076358 -542234341
371057141 -542932313
369078686 -544279177
367159396 -545575729
365749021 -546522232
364271930 -547507860
362276868 -548829999
361180762 -549551959
360987182 -549679135
360535321 -549975616
358401847 -551368310
358013363 -551620638
357624703 -551872694
355613798 -553170609
355353982 -553337549
353402874 -554585705
351512636 -555785719
350206647 -556609559
349029606 -557348394
348178552 -557880447
347195559 -558492740
347129986 -558533498
346080196 -559184579
344305909 -560278804
342989390 -561085712
340813005 -562410343
340482801 -562610309
340152482 -562810080
339028518 -563487853
337571973 -564361641
337108054 -564638873
336245885 -565152724
335050822 -565862035
334319769 -566294261
334053793 -566451200
333455078 -566803853
331256609 -568091504
329788199 -568945202
329520979 -569100010
328116881 -569910703
327179707 -570449242
325235609 -571559878
323623849 -572474018
322480631 -573118784
320257778 -574363868
318097694 -575562990
316000831 -576716891
314645792 -577457292
313153247 -578268053
313085355 -578304813
312202356 -578781984
311658612 -579074958
309617126 -580169055
308185799 -580930643
306889173 -581616655
306752598 -581688698
304565090 -582837030
302647493 -583835074
301824663 -584260874
300177210 -585108998
299764972 -585320305
298664949 -585882366
297770403 -586337518
296875163 -586791305
294944610 -587764047
293287312 -588592770
293010868 -588730438
292734361 -588867974
292111983 -589176958
290312172 -590065878
288093308 -591152387
288023902 -591186206
286634966 -591860873
286009430 -592163409
284270153 -593000317
282528427 -593832119
280365309 -594856445
280016071 -595020922
277918617 -596003473
275747627 -597011007
273572983 -598010635
271816599 -598811016
270480179 -599415858
268649215 -600238699
267380157 -600805084
265686223 -601556090
263990179 -602302319
263707302 -602426224
261796357 -603259118
259599066 -604207930
259457188 -604268868
258676597 -604603437
257611461 -605058041
257185182 -605239358
254909547 -606201303
252986680 -607006292
252345159 -607273264
250989911 -607834649
250561679 -608011301
250418906 -608070118
249847681 -608305051
248847506 -608714890
247775144 -609152177
246630446 -609616535
246200959 -609790116
245484876 -610078744
244195075 -610596153
242401877 -611310254
240534736 -612047334
239887895 -612301148
238233641 -612946676
237225854 -613337422
235640892 -613948099
233477051 -614774237
233188320 -614883815
231165761 -615647047
228923588 -616484296
228127248 -616779423
227692720 -616939968
227475414 -617020125
225445864 -617764567
224285027 -618186964
221960981 -619025218
221306777 -619259402
220506859 -619544689
219706573 -619828942
218833117 -620137858
218541868 -620240558
218032067 -620419950
216064313 -621107969
213802366 -621890220
213291209 -622065719
212195392 -622440369
209855452 -623233171
209196809 -623454562
207366021 -624065887
205753449 -624599405
204726552 -624936745
202817992 -625558759
202524199 -625653936
200760507 -626222099
199068806 -626761922
198185603 -627041756
196565375 -627551553
194427620 -628217158
192730554 -628739874
192656737 -628762499
190367085 -629459506
189554020 -629704827
188740639 -629949101
187038918 -630456454
186594766 -630588050
185558051 -630893894
184298511 -631262985
182296556 -631844019
180367015 -632397530
178064216 -633049787
175833453 -633673018
173823901 -634227206
172259708 -634653836
171514486 -634855637
169277404 -635455789
166963546 -636067662
164572729 -636690438
162104767 -637323262
160233476 -637796308
159409670 -638002708
158660525 -638189419
157011637 -638597089
155286679 -639018737
152884858 -639597622
151608010 -639901484
150255396 -640220441
149278089 -640449023
148826908 -640554017
146720421 -641039793
145516001 -641314268
145214815 -641382534
144762977 -641484666
142351965 -642024000
142125829 -642074096
139788065 -642587110
139410832 -642669058
138429802 -642881082
136164658 -643364659
134880326 -643635142
134804760 -643650972
133217451 -643981371
131099782 -644415817
129359206 -644767473
128753567 -644888685
127617688 -645114426
126935971 -645248910
124586752 -645706620
124283506 -645765057
122235883 -646155775
121173667 -646355815
119427890 -646680661
118136972 -646917734
117909115 -646959302
115629735 -647370575
115553730 -647384145
115325709 -647424805
115021657 -647478893
114033314 -647653689
112284058 -647959249
110077309 -648337785
107564630 -648759390
106650526 -648910290
104364345 -649281897
102534466 -649573383
100551179 -649883343
99711813 -650012654
97574498 -650336923
97192723 -650394091
96276327 -650530372
94366556 -650810148
93373153 -650953418
90926931 -651299617
89626851 -651479796
88861931 -651584572
87178678 -651811918
85035516 -652094976
84193307 -652204250
83733861 -652263397
83274373 -652322217
81052938 -652601961
79520364 -652790478
78447302 -652920299
77450696 -653039269
77220685 -653066508
75993795 -653210410
75380250 -653281497
73615938 -653482663
73385771 -653508550
72158058 -653645250
69778644 -653903539
68243045 -654065580
67244704 -654168976
65017074 -654394131
63172947 -654574729
61482056 -654735712
60098294 -654864179
58791162 -654982822
57176146 -655125778
56022349 -655225454
53791187 -655412393
51251522 -655615877
48942066 -655792323
46400965 -655977019
45399732 -656047074
44013235 -656141549
43011753 -656207961
41624922 -656297389
39852589 -656407396
38927778 -656462891
38465343 -656490148
36692502 -656591623
34533901 -656708692
32760483 -656799548
31295306 -656870993
29212946 -656966895
28364491 -657004074
27207432 -657053005
25895996 -657106001
24507305 -657159257
22424065 -657233642
19877579 -657315587
18565633 -657353948
18025399 -657368984
17485152 -657383578
16404624 -657411429
14706562 -657451605
13934683 -657468420
12313675 -657500775
10075020 -657538889
9380240 -657549167
7604645 -657572099
7064235 -657578127
6523820 -657583712
4825346 -657598369
2431991 -657611573
501840 -657615879
193015 -657616043
-2123167 -657612644
-3744482 -657605410
-4979754 -657597217
-7527444 -657572987
-8299450 -657563698
-10306611 -657535300
-11541740 -657514781
-13857494 -657470052
-14397813 -657458439
-15478421 -657433886
-17022074 -657395731
-17716688 -657377377
-18951508 -657342938
-21189445 -657274603
-23349978 -657201398
-25047365 -657138896
-27361711 -657046600
-27593128 -657036922
-28827290 -656983929
-31372425 -656867313
-31989357 -656837558
-33454458 -656764568
-33917088 -656740838
-35150683 -656675968
-36229977 -656617307
-38388269 -656494659
-40700264 -656355380
-43165834 -656197843
-44398393 -656115600
-45476754 -656041737
-47171071 -655922090
-49173040 -655775046
-50635728 -655663726
-51482433 -655597787
-53714240 -655418703
-54483685 -655355190
-55253055 -655290774
-55560782 -655264753
-57868338 -655065000
-59944526 -654878273
-62250694 -654663079
-64171912 -654477549
-66399831 -654255270
-67628700 -654129389
-68319834 -654057566
-70776577 -653796279
-72848678 -653568640
-74536517 -653378303
-75226853 -653299179
-75687031 -653246027
-76913988 -653102700
-76990664 -653093665
-77680698 -653011950
-78523956 -652911085
-79903549 -652743687
-80056815 -652724906
-81129555 -652592440
-83657282 -652273223
-85877583 -651984616
-87637805 -651750344
-90162222 -651405918
-91079857 -651278248
-92379532 -651095168
-93143875 -650986263
-95054168 -650710077
-96963642 -650428281
-97040004 -650416893
-97650849 -650325464
-99711813 -650012656
-102076869 -649645451
-102915758 -649513081
-103525752 -649416136
-103830715 -649367447
-105507599 -649097099
-107793122 -648721467
-109848951 -648376514
-110610090 -648247103
-112968647 -647840245
-113348920 -647773819
-115705737 -647356995
-118212922 -646903858
-120490641 -646483489
-120794225 -646426834
-121704816 -646256013
-123070249 -645997376
-123297768 -645953991
-124814168 -645662698
-126860215 -645263809
-128223540 -644994280
-128299263 -644979221
-128450705 -644949077
-130948465 -644446582
-133141845 -643997009
-134124585 -643793053
-135333681 -643539968
-135786970 -643444478
-138278845 -642913569
-139335379 -642685420
-140617808 -642406046
-140844061 -642356479
-142351965 -642023998
-142427340 -642007282
-144913598 -641450659
-145741869 -641262978
-146344095 -641125810
-148300436 -640676111
-149578837 -640378849
-149804375 -640326125
-151683135 -639883681
-152509377 -639687256
-153035035 -639561707
-154461299 -639218746
-156336789 -638762637
-158210932 -638301026
-160458104 -637739833
-160532976 -637720991
-161730620 -637418311
-164124192 -636806209
-166515447 -636185116
-168381981 -635693640
-169426608 -635416022
-171216330 -634936112
-172706728 -634532334
-173972818 -634186373
-175461447 -633776127
-175833454 -633673019
-177172174 -633300022
-177841238 -633112462
-179624436 -632608852
-180144268 -632461018
-180218519 -632439865
-182222373 -631865417
-183557260 -631478921
-184891327 -631089609
-185187675 -631002713
-186816854 -630522291
-186964899 -630478410
-187260959 -630390537
-188592718 -629993401
-189997549 -629571146
-192213776 -628898052
-193320998 -628558581
-193394791 -628535879
-193985043 -628353961
-195975876 -627735895
-196418017 -627597690
-198700852 -626878672
-200392870 -626339839
-202817992 -625558759
-203699102 -625272400
-204873286 -624888658
-206486607 -624357413
-208098551 -623822002
-209050412 -623503666
-211025794 -622837868
-212633798 -622290740
-214897211 -621512740
-216501781 -620955616
-217740685 -620522272
-219269899 -619983554
-220215889 -619648173
-220870504 -619415142
-222905504 -618685730
-224285026 -618186965
-224575310 -618081570
-226388459 -617419763
-228127248 -616779422
-229791888 -616161169
-232105119 -615293516
-233621398 -614719400
-236001249 -613809667
-238161678 -612974643
-238449513 -612862730
-239025024 -612638503
-239312701 -612526187
-239887895 -612301147
-239959779 -612272980
-241109480 -611821148
-241324955 -611736187
-242904183 -611110836
-243549765 -610853835
-244553462 -610452702
-246702015 -609587577
-248204182 -608977489
-248490138 -608860861
-249419118 -608480896
-251132628 -607775698
-252986680 -607006292
-254767200 -606261140
-255976701 -605751456
-257540423 -605088282
-259599067 -604207929
-260804460 -603688603
-261513030 -603381997
-261725530 -603289852
-263212125 -602642741
-264697119 -601991971
-266392285 -601243750
-268014835 -600522228
-269987474 -599637942
-270409804 -599447608
-271886900 -598779102
-273853788 -597882096
-275397125 -597172772
-276238170 -596784190
-277988587 -595970839
-279876348 -595086656
-281482222 -594328744
-282528427 -593832119
-283225411 -593500012
-283991641 -593133750
-286009430 -592163408
-287815663 -591287614
-289549898 -590440306
-290242894 -590099956
-290797003 -589827094
-292596083 -588936694
-294668555 -587902491
-294875602 -587798671
-295634460 -587417367
-296323903 -587069879
-297288437 -586582033
-298527371 -585952477
-298664948 -585882364
-299352588 -585531320
-300383272 -585003237
-300451951 -584967966
-300520626 -584932690
-300795285 -584791495
-303058682 -583621736
-305112371 -582550718
-306342769 -581904636
-306957454 -581580621
-307844729 -581111451
-308935775 -580532157
-309617125 -580169054
-309957641 -579987205
-311930520 -578928535
-313221135 -578231283
-314238943 -577678791
-316068536 -576679787
-317151244 -576085050
-317421745 -575936048
-318638137 -575263969
-320325208 -574326264
-321740217 -573534769
-323354972 -572625933
-325503986 -571407081
-327313643 -570372402
-327849207 -570064729
-327916132 -570026235
-328919467 -569447875
-329120011 -569331991
-330188893 -568712751
-331256609 -568091503
-333188863 -566960385
-333721219 -566647195
-334785049 -566019318
-334917944 -565940693
-335117253 -565822697
-335183680 -565783349
-336378577 -565073755
-337770724 -564242708
-337903203 -564163383
-339094671 -563448047
-339888142 -562969757
-341934813 -561729010
-343516225 -560763320
-343911152 -560521200
-345489153 -559549945
-346408387 -558981328
-346736459 -558777886
-347719956 -558166399
-349879847 -556815040
-350729275 -556280392
-351838831 -555579280
-353663276 -554419683
-354378978 -553962487
-356327886 -552710897
-357948600 -551662666
-359889385 -550398519
-360987182 -549679135
-362147989 -548915049
-362470148 -548702367
-362598977 -548617242
-364529007 -547336734
-364978698 -547036971
-365042918 -546994117
-365299754 -546822628
-365941489 -546393378
-366839072 -545791163
-367287491 -545489501
-368950875 -544365822
-370483256 -543324078
-371057140 -542932313
-371694305 -542496306
-373666254 -541139934
-374808987 -540349072
-376266709 -539335017
-376519946 -539158258
-378100795 -538050820
-379867478 -536804988
-380875170 -536090481
-382698183 -534790611
-384516759 -533484544
-386580749 -531990808
-388015860 -530944997
-389448141 -529895313
-390504958 -529116977
-391746281 -528198588
-393480503 -526907954
-393851570 -526630647
-395827285 -525147272
-397059272 -524216397
-398411931 -523189096
-400190915 -521829597
-401659672 -520699918
-403369192 -519376736
-404344103 -518618110
-404709328 -518333154
-406653794 -516809045
-406775132 -516713546
-407320880 -516283447
-408773981 -515133701
-409015850 -514941678
-409982421 -514172453
-410525481 -513738968
-411429562 -513015215
-413414047 -511417366
-414853415 -510250470
-416409011 -508981761
-417304706 -508247657
-419151704 -506725514
-420933838 -505246080
-421763714 -504553532
-422059823 -504305864
-422414959 -504008432
-423006390 -503512155
-423301888 -503263758
-423538179 -503064914
-424010484 -502666894
-425071802 -501769728
-425130708 -501719821
-426131220 -500870322
-427423481 -499768012
-428888498 -498511337
-429648846 -497856171
-430408195 -497199843
-430641638 -496997663
-431399675 -496339821
-433087057 -494868164
-433319405 -494664725
-434189862 -493900862
-435116864 -493084387
-435348375 -492879996
-436042330 -492266170
-437485290 -490984233
-437658193 -490830116
-439269326 -489388757
-440932997 -487890346
-441562708 -487320503
-442534448 -486438238
-442648654 -486334316
-443846349 -485241503
-445268658 -483936689
-446460435 -482837425
-448101757 -481314568
-448497160 -480946146
-449906841 -479627699
-451537216 -478093128
-452546542 -477137848
-453497938 -476233680
-453609748 -476127182
-454949518 -474847169
-455283897 -474526576
-456118853 -473724064
-457174436 -472705438
-457396374 -472490693
-457839948 -472060884
-458116976 -471792045
-458338486 -471576855
-459499748 -470445403
-460768403 -469202916
-462582777 -467414240
-463405199 -466598886
-464554172 -465454958
-465427687 -464581495
-466843643 -463158622
-467821374 -462171028
-469229963 -460740860
-470202578 -459748227
-470580251 -459361650
-471388478 -458532222
-472517542 -457368638
-474179001 -455645886
-475567642 -454196341
-476686001 -453022466
-478172638 -451453015
-478278629 -451340724
-479759732 -449766048
-480076436 -449427984
-480761811 -448694748
-481340870 -448073502
-483020840 -446261994
-483282718 -445978374
-484276343 -444899226
-485371754 -443703909
-485892342 -443133761
-486775804 -442163108
-487760908 -441076177
-488381828 -440388563
-488898523 -439814884
-489466107 -439183135
-490290227 -438262923
-491779534 -436591099
-492598780 -435666544
-494028278 -434044879
-494639287 -433348442
-495249314 -432651145
-496871244 -430787493
-498385435 -429034797
-498888790 -428449380
-499943602 -427218084
-499993755 -427159386
-500244418 -426865808
-501495147 -425395715
-502492621 -424217000
-503338295 -423213255
-504082812 -422326194
-505665889 -420429428
-506799319 -419062461
-506996062 -418824416
-507683775 -417990529
-507732845 -417930922
-509006204 -416379132
-510031226 -415122928
-511441634 -413384026
-511635707 -413143802
-512701096 -411820936
-514052099 -410133316
-514485171 -409589926
-515301626 -408562272
-516259536 -407351187
-516498569 -407048063
-517405269 -405894918
-517833861 -405347986
-519163556 -403643529
-519400412 -403338703
-520393251 -402056913
-521947033 -400037737
-522369433 -399486011
-523726530 -397705190
-524658924 -396474351
-525170507 -395796457
-525449182 -395426419
-526884854 -393511433
-527761332 -392335154
-529185739 -390411771
-529231570 -390349641
-529552190 -389914575
-530283691 -388919149
-531149917 -387735300
-531877323 -386736876
-533145762 -384986355
-534183386 -383545313
-534498411 -383106180
-534633311 -382917901
-534858000 -382603997
-535665345 -381472850
-536202247 -380717806
-537673235 -378637542
-538826514 -376994542
-539047723 -376678178
-539224557 -376424992
-540150981 -375094408
-540239039 -374967567
-540766773 -374206085
-541381103 -373316753
-542648992 -371471356
-543432794 -370323770
-544560669 -368663227
-545640379 -367063313
-546457813 -365845261
-547700235 -363982623
-548084524 -363403704
-548553380 -362695586
-549869772 -360696728
-550841747 -359210616
-551809705 -357721884
-553024439 -355841071
-553149734 -355646269
-554191201 -354021201
-555186517 -352458266
-555847613 -351414754
-556958764 -349651017
-557081880 -349454829
-558268435 -347556115
-558309234 -347490569
-559245519 -345981717
-560460628 -344009858
-561668785 -342033731
-561989784 -341506048
-562550339 -340581875
-563746409 -338598409
-563825900 -338466029
-564975003 -336544416
-565960351 -334884723
-566862567 -333355255
-567994253 -331423334
-568964558 -329754800
-570160930 -327681874
-571387973 -325537527
-571960373 -324530782
-572986223 -322716104
-573364708 -322043178
-574345067 -320291494
-574532984 -319954288
-575768271 -317725976
-576438421 -316508522
-577290979 -314950827
-577697236 -314205031
-577918425 -313798012
-578249669 -313187191
-578836957 -312100425
-579969008 -309991686
-580259905 -309446828
-580659052 -308697202
-580840162 -308356293
-581922618 -306308609
-582568627 -305078174
-583033572 -304188678
-584136801 -302064718
-585126619 -300142862
-585864832 -298699340
-586285069 -297873655
-586704143 -297047379
-587712097 -295048113
-587988955 -294495989
-588575553 -293321863
-588713236 -293045428
-589228390 -292008222
-590014742 -290416081
-590253215 -289931096
-591270716 -287850373
-591507078 -287364356
-592213767 -285905142
-592615973 -285070525
-593483385 -283260250
-593915017 -282354121
-594872903 -280330390
-595823892 -278303409
-596897650 -275992922
-597576287 -274520453
-598187161 -273186781
-599145638 -271078218
-599907072 -269388945
-600757989 -267485957
-600883537 -267203804
-601571685 -265650910
-601727523 -265297732
-602193791 -264237650
-602441703 -263671937
-602658191 -263176748
-603305213 -261690115
-604223167 -259563598
-604770342 -258286140
-605133625 -257433860
-605495708 -256581069
-606066547 -255229777
-606872549 -253307335
-607021141 -252951047
-607908291 -250811496
-608436964 -249526270
-608554078 -249240512
-609253938 -247524816
-609862351 -246021970
-610782325 -243729045
-611438235 -242078879
-611466649 -242007093
-612202522 -240139476
-612848734 -238485488
-613267767 -237405862
-613546066 -236685703
-613768096 -236109341
-614540938 -234090434
-614678248 -233729649
-615334382 -231996758
-615958592 -230334344
-616039681 -230117383
-616712440 -228308268
-617539281 -226062236
-618384213 -223740611
-618646467 -223014454
-619038246 -221924643
-619220421 -221415828
-619919172 -219451860
-620047885 -219087920
-620407150 -218068486
-621247357 -215663208
-622053195 -213327726
-622726295 -211354819
-623220851 -209892036
-623417713 -209306598
-623809785 -208135170
-624514804 -206010087
-625116769 -204176201
-625284355 -203662397
-625997793 -201458827
-626021441 -201385331
-626586395 -199620608
-627331927 -197265180
-627724390 -196012725
-628410869 -193800608
-629044552 -191733795
-629291640 -190921265
-629649165 -189738835
-630004471 -188555736
-630269488 -187667975
-630991840 -185224715
-631122159 -184780187
-631338662 -184039102
-631532771 -183371908
-631747621 -182630342
-631811906 -182407824
-631940241 -181962718
-632195970 -181072236
-632386942 -180404138
-632577209 -179735839
-633143771 -177729741
-633393536 -176837568
-633600712 -176093822
-633950907 -174828897
-634032941 -174531166
-634298578 -173563275
-634481615 -172892960
-634764934 -171849865
-634986336 -171029964
-635166698 -170358924
-635723283 -168270030
-636057861 -167000885
-636331490 -165955206
-636448235 -165506921
-636796573 -164161573
-636892830 -163787734
-637103818 -162965092
-637294707 -162217000
-637786901 -160270916
-638124169 -158922751
-638735096 -156449275
-639336432 -153973452
-639516762 -153222745
-640034730 -151044503
-640052460 -150969360
-640615117 -148563685
-641031179 -146758051
-641578009 -144348729
-642032355 -142314277
-642496714 -140202966
-642628112 -139599454
-642742620 -139071281
-643228454 -136806622
-643260561 -136655584
-643292630 -136504538
-643356665 -136202425
-643500219 -135522559
-643722101 -134464691
-643989192 -133179648
-644051662 -132877208
-644067258 -132801593
-644145106 -132423492
-644361891 -131364568
-644561634 -130380964
-644607518 -130153935
-644775066 -129321358
-645256361 -126898093
-645699306 -124624656
-645728549 -124473038
-646019039 -122956484
-646476417 -120528591
-646729680 -119162152
-646980055 -117795180
-647021505 -117567300
-647336610 -115819738
-647700491 -113767176
-647780471 -113310895
-648097172 -111485212
-648240609 -110648143
-648305448 -110267596
-648588094 -108592741
-648878958 -106840982
-648966542 -106307682
-649165091 -105088444
-649373541 -103792596
-649531195 -102801374
-649889244 -100513030
-649983360 -99902593
-650065244 -99368388
-650411196 -97078184
-650737947 -94863175
-651078890 -92494192
-651219302 -91500381
-651315620 -90812232
-651336926 -90659297
-651368814 -90429884
-651390031 -90276936
-651537535 -89206160
-651817035 -87140416
-651908744 -86451638
-652069990 -85226907
-652278132 -83618993
-652366122 -82929730
-652625721 -80861390
-652795146 -79482044
-652906474 -78562283
-653179130 -76262201
-653259344 -75571990
-653365166 -74651578
-653589994 -72656847
-653674844 -71889462
-653716931 -71505732
-653825307 -70507919
-654005239 -68818939
-654021378 -68665373
-654029437 -68588588
-654266955 -66284613
-654503863 -63902974
-654732104 -61520490
-654937766 -59290976
-655129133 -57137689
-655345585 -54599095
-655383883 -54137444
-655484423 -52906242
-655630893 -51059091
-655666697 -50597239
-655823790 -48518599
-655885901 -47671605
-655996029 -46131413
-656070968 -45053127
-656154439 -43820650
-656240591 -42510975
-656372049 -40430556
-656386249 -40199373
-656442233 -39274591
-656550290 -37424796
-656636355 -35883072
-656714764 -34418251
-656726846 -34186947
-656812955 -32490594
-656820568 -32336370
-656828140 -32182143
-656891064 -30871146
-656992363 -28634459
-657095302 -26166006
-657122583 -25471686
-657125571 -25394537
-657210935 -23079925
-657224371 -22694128
-657283256 -20919361
-657323697 -19607479
-657365801 -18141165
-657412389 -16366033
-657455895 -14513594
-657477280 -13510141
-657515455 -11503143
-657522095 -11117169
-657557174 -8801248
-657584093 -6485219
-657602855 -4169109
-657608452 -3165443
-657610199 -2779416
-657613675 -1775741
-657616054 -154412
