29
-455369330 -225235530
-455296142 352831564
-454983200 435826484
-454953322 438985164
-453594376 452386208
-451120950 454238896
-386616562 455335026
-57322248 455336418
269320152 455210568
392154058 455142080
417145104 454511370
449276914 449880546
449963084 449005762
453646336 431485112
455327874 420718118
455353418 380122198
455363518 109045908
455340054 -285313540
455278098 -386780176
454886822 -434766726
454026034 -454384220
447204936 -454942338
306118836 -455338698
-332291834 -455341120
-425471490 -454588680
-450352454 -454378570
-452086994 -452762210
-453783888 -441346212
-455031642 -407425148
