1767 2000
966 164615914
1214 705222721
977 467919676
235 756289644
120 749442395
228 492949327
1623 226027070
433 394492082
1247 245391796
1115 42173572
971 619457167
51 752250204
1112 571626852
830 188526390
747 401944351
1073 38532563
296 309813910
1374 424763839
544 295335154
868 654803383
452 868426202
1205 485339639
1759 742100638
552 623644077
868 233333089
936 376870276
47 415626758
203 852706645
1193 457912924
1703 760892615
1226 728454196
59 747042635
327 127384263
772 368320334
446 589327363
1030 573079226
876 158902621
81 547025264
1644 254550513
93 303438300
1395 225867693
1562 401536674
1357 24325527
1725 740002788
59 158440962
1292 479655668
1450 239782133
1051 832977377
1735 760434484
1752 24011121
736 629575188
1019 707386848
1668 497307906
262 117417741
1575 405057800
362 456149920
1699 656467428
802 413439460
1489 427752233
22 168600747
135 348135323
12 239781440
373 442708096
500 821602488
1517 244622911
936 435828120
615 609427030
261 83203244
1244 748802882
1294 402378421
280 797620125
1392 880407302
781 356407223
1339 732691451
87 887600278
733 663464043
375 367469552
375 746662864
1244 305068107
1284 813872703
1433 436999471
903 103467912
1529 788007377
1136 430778166
748 185210141
860 357466779
1760 629881743
152 361098147
27 428468666
371 46594996
586 640116688
324 339299154
17 567070687
85 141420819
242 65454810
819 259469145
989 782347104
285 234102231
1029 215991545
801 403318072
1569 272002333
784 609278177
1698 836173030
1155 107064953
1414 749348255
1183 555382269
1146 126844938
1286 24893246
1048 382870158
1549 272625106
1044 796190639
240 707234130
1270 268499346
436 506529331
982 310840451
1692 621184240
506 401201244
725 841600728
334 191552103
1628 517915057
1698 642925364
688 585564537
372 251113377
993 540120935
248 724849655
1383 643974932
901 543332783
109 197853818
629 371337066
234 35974521
1477 213177395
1234 151830895
379 887998548
1118 562930015
1122 55157387
777 6914085
771 605336183
934 95108509
1028 508301584
470 872851580
300 675512499
155 390451009
1762 466711952
1343 393645289
1170 496304301
76 634834169
324 36568590
991 127813936
693 794804576
272 348289148
1016 147287552
847 271687120
1115 407339142
202 246327260
1183 863465955
1707 885981679
676 670831509
54 411413458
1408 115538656
207 769518822
94 835234768
1301 66769920
1240 326669634
1378 499133467
1343 754851084
114 256848150
1313 328829425
1332 10442328
1593 18315411
1638 53819722
1232 319085858
926 234952212
1557 411000739
474 568629048
1199 21595709
957 383558456
1530 243691724
579 107758385
138 760659469
1496 854284598
858 639165110
909 666130081
1610 582609850
840 63161878
566 896482519
1570 621392013
1595 506137429
1124 496751142
434 884681762
7 461602667
1738 202305801
813 301107307
794 176558043
891 193518831
1038 685056871
556 850034455
1633 13504515
1698 141572567
401 168311224
472 40110527
1274 329781834
1513 25646786
1749 625889929
1124 700140724
120 895751404
964 221034465
1456 524481861
1120 690450132
1350 187149719
83 103858947
370 187311310
932 384056540
54 10497904
754 636452556
443 628705936
600 518902226
657 19947795
1210 268874217
112 773444340
414 623567930
1297 480877496
1074 339162945
982 31846363
1482 460550164
1426 782391134
90 100284239
251 506913102
296 293750254
693 74194851
1419 10881979
593 862799448
392 712065439
1507 529947831
663 334333913
730 518559845
399 316242786
313 184761391
962 681663291
1476 465081357
646 479366282
82 84223754
1561 713368011
1053 574502683
1607 701259692
250 98424469
614 843890553
1326 369513897
253 751216609
1226 579742056
652 685413606
824 718759389
258 203029215
222 893842914
839 360570604
1008 879870938
1551 210970149
1742 708056562
98 849173260
1058 497817889
1014 19181390
1413 516137328
1030 719052523
1766 412243855
270 534244610
200 676384308
864 803230318
241 685137288
1577 809868249
1148 82286670
40 562441152
294 380421216
1472 526978761
1352 642813890
1618 359819758
968 200419348
1363 102726586
30 159737741
335 182208522
511 732875618
113 416574758
1726 423149407
514 665227335
300 598894837
270 853542225
1718 600163455
1436 450194812
400 650217663
1731 93191990
531 282413906
397 9366572
1469 634083882
746 70313102
462 730685003
1203 509687524
451 289006477
260 270908496
1002 464732019
710 229095497
1307 432880978
483 13286293
557 779458477
628 390087140
668 259834853
1462 317873648
1193 524912844
1117 331519681
1319 129570923
361 312787962
32 217819528
204 758321168
570 288937531
594 388019505
110 530457788
792 623997462
7 558858461
1506 658539915
43 509057027
187 429022628
1667 379845392
476 708044944
1518 393401039
254 114424996
345 285117145
1010 890224765
632 144911919
1450 582074837
1699 753134731
482 870652759
1385 529540858
398 219085365
1492 897278616
1604 289245142
1367 768382638
771 726331161
1688 736267981
1038 540237916
1376 787843880
1692 28229540
1405 138837383
126 782144445
1459 92558397
313 44237168
60 507426538
1636 218783245
152 703916413
1394 58698946
1397 222472706
921 114064406
94 468211752
1595 55665376
462 714775753
1235 218471744
779 342723672
1368 317166969
339 721962573
767 374981924
575 769229086
225 703046783
129 296694736
414 840780516
826 85517051
1209 701275865
1269 461846187
1108 490237011
834 351005767
1248 34397165
128 669336565
278 731861684
1749 277264508
1459 200209846
1212 262729745
1663 215930821
483 162766158
1296 625479201
196 760529821
640 829817125
259 294646362
263 488764648
496 345922478
502 404393456
1205 695210424
850 388939543
1045 757968869
1270 252677628
348 175306203
1639 833203390
488 487161936
1233 859720827
1530 792077318
820 802383109
709 379914443
1746 832452784
959 752766926
718 354560476
883 626671816
623 72513245
584 434343353
1040 377146461
1657 577025566
1169 535962752
997 349173939
301 359010229
1300 290536562
1226 377417279
1448 389530190
1737 114280952
695 865865160
818 676905657
572 809892476
449 771696896
218 492415342
427 844718045
1171 33196774
1209 167947602
772 92157505
1230 77869592
107 281440474
877 764313053
1594 667942384
1463 187407705
992 133242614
192 37914687
711 209164291
516 132669528
297 443547930
759 762440234
1588 21287371
927 810212217
154 569918125
80 672023143
1669 721049260
1337 598347292
1226 379533520
1444 531359765
770 800860193
459 377264965
115 366784200
1465 597150458
294 305684581
1388 767646437
387 862818581
1054 390546925
140 652096896
197 421638618
1196 91275179
336 447709399
647 403165552
214 158639567
1543 697329361
1025 476895310
818 45685552
1647 260874595
35 560524806
238 347618771
1286 69029178
1408 747339588
460 453969470
1411 104382359
657 357781852
1411 86307434
254 434468932
1503 812995959
502 268836618
1154 699093978
1657 205153996
1086 860033264
1255 319688439
579 365161682
146 561444794
10 603129095
835 874694670
1664 267271034
828 841778859
120 654145042
1648 11140799
1732 392868786
1429 230628866
1430 615615265
205 232338818
1059 778119016
775 282567678
1096 453723655
565 249085042
457 362490220
534 845982411
583 780752267
363 257980981
860 189350854
312 216900752
289 469928159
46 584934460
1601 284525301
756 446041920
1516 315106182
1426 618284119
1281 790597277
1476 833106948
1466 691043624
837 729214165
416 702953025
781 85219897
634 459370105
87 82545872
908 143723899
840 805768556
1068 30378399
944 461911684
790 325996989
445 477255130
583 773543595
662 697723184
1188 881515439
1603 757863053
1429 8819269
1563 620384402
513 365409551
167 320393791
925 246613988
527 822788235
861 257351925
885 576617088
673 456696602
1648 181093474
844 440639296
977 144801784
974 729598618
647 680695254
995 113954853
1267 896035382
1296 360225025
1541 469849313
1469 876515825
1653 761804649
1716 518108030
732 380748433
772 490955846
495 651701089
304 33317602
903 751066763
1425 113979571
1716 458382407
913 288088984
1726 419518802
983 21893299
16 444211436
801 263172244
406 649179273
1031 844635550
1040 610201815
729 748201628
1144 91819034
34 72761131
633 696173726
1572 213547302
1172 847868647
1164 783644260
159 841362100
672 279845382
269 558182145
104 674912854
217 891405320
1221 159848915
1700 49004154
1254 453377993
132 465993965
806 285087685
1427 295789122
1158 339967921
1046 664555239
1673 44567486
1232 567419754
1065 392233819
238 5331598
1518 251544159
1350 889194187
474 330264769
787 510621187
1094 647233934
558 822558881
554 656318900
977 417130476
1698 574013945
728 402622716
298 627150856
1429 330879591
1304 645643639
1540 20294633
1318 252588834
1488 361797296
368 498814935
461 733664083
1490 863804849
100 521279787
631 87489689
1484 555729785
1155 132995240
1283 30071947
50 572930003
395 723974790
1247 772096200
422 169936277
915 176296185
520 146211344
220 450044567
767 64067518
1304 30594357
587 333537017
77 74011556
786 561882039
732 877207361
274 695203276
1052 396533731
1004 170415052
1007 899729692
1679 276655181
1215 578291581
1603 281467337
184 643777570
311 561617653
49 239433886
89 756689564
566 129266490
936 205736745
455 538872989
1559 392475468
956 333216572
805 606832125
513 470579670
841 492050706
281 883656663
881 39876207
1258 56514331
1566 514505747
105 209931036
551 704813523
1148 299254659
1326 236259866
1397 498538111
385 318794058
46 323340719
1262 324766832
638 185909834
1297 91161574
1637 277263189
496 837011814
1244 884519873
978 502553289
1440 726065121
1418 711529755
35 455913149
957 454346670
937 822560695
712 401643766
1111 202745821
240 21860135
1078 347779645
346 237050713
1077 338999328
1144 502399868
1608 682944948
508 653521601
1500 419225398
266 660443637
867 162509775
1706 726243915
357 282995700
904 363007281
875 405373951
760 776412896
1558 142197543
32 613833308
609 203951432
374 738661962
510 444458894
26 60488430
1186 694850023
832 893273356
462 221083241
1391 409746629
463 91002154
913 362494450
111 592769642
1398 800437861
129 487636241
989 98000426
1445 686547004
293 33581271
1116 587852066
1419 761876391
204 201224319
510 783005683
1618 794712609
318 672670614
566 310401367
1050 267558383
374 272593811
371 148392689
951 262412186
1634 325275082
892 742066831
1275 557248318
1716 335637155
849 198612438
403 41261609
370 268990029
451 414429695
588 508278238
1524 365216093
737 684751007
1346 741760138
1503 501529829
1446 768467624
271 231628520
309 754533701
1712 238707814
1391 254573690
1058 850893880
832 680681573
1269 551242207
1605 680145853
1511 258409774
1065 349866406
1085 128891421
381 618567576
558 856096362
1730 384245361
558 24168144
1524 777223477
179 164274353
476 511789393
1106 464343398
869 396626611
1170 389750450
648 375438679
1529 239333232
1089 676343851
579 460919899
1026 732852815
967 4520749
637 576553003
489 419728565
1401 72918414
1457 506619820
837 169240187
470 438488606
350 372872278
1142 565347412
739 827679643
1376 98759100
1077 407833154
537 410153129
777 777396195
1557 621425330
220 589074363
1103 507343225
1137 93069577
1235 704859083
91 328813870
372 141925176
737 652722510
1262 429595813
1234 744620879
749 691642840
1246 798324729
793 395361606
1693 160538769
1135 394642021
601 842435187
1621 407591276
790 846133594
1242 692930640
254 888854747
470 619107045
1374 694727283
1249 234101403
1371 834125460
1710 586901385
1148 35112017
501 106297805
1178 188431671
128 341054267
85 846726505
991 794241695
1399 502514757
331 23601630
988 809706775
574 313988262
922 545559311
409 161875754
631 838186197
1475 288959838
1220 371762665
1679 249758413
896 224407839
748 108191481
1570 116565091
1525 645535300
427 676343473
1125 251768705
1720 267946669
1066 228793506
82 434591576
1011 404512772
1120 133633412
221 664560836
1734 520909320
1352 285185499
233 505862933
1138 657949811
810 619402017
32 503750568
896 248965813
268 427999235
946 645212546
950 588138048
1632 854435468
145 100811642
170 781628655
1653 304310634
145 248601146
700 322115164
71 620036172
1572 463465792
678 580857959
1196 792789480
1297 310809574
721 643404870
49 257770878
1231 891347637
533 723304185
1082 205304640
216 110838250
1476 493892509
1053 880450615
35 226253426
488 857548514
457 549139171
1083 105096368
981 176342573
1278 250453625
1398 397112037
1279 848364765
511 895098080
271 114000248
1469 605555250
522 220284194
97 572670798
398 576331091
235 839335404
1312 469888993
490 408644089
292 46906893
205 317118149
187 832041287
1497 388281772
1397 664239409
1590 169528474
1476 257926456
1632 171453433
1084 226645586
1704 373182525
1618 72055989
153 874661488
703 9354805
887 367973923
903 70431777
145 332537157
374 384756752
78 448526585
1704 327411300
826 230953139
907 285571161
1709 716167955
1340 345592786
214 480557328
697 384135363
1500 322719755
961 616932046
1015 539941304
1151 558089381
636 109689459
1369 489432649
639 193147379
1087 751206858
1332 836455158
1146 417774356
1598 856593806
315 206168299
1487 134409064
1748 93244357
925 253363793
1171 64837607
1413 39707498
1462 760728700
1088 69758903
1417 253914037
1469 834207483
1120 855684779
1669 333153160
1711 224889523
607 175467620
704 834820342
862 693757715
890 365402737
24 249668287
1290 362439182
502 178936334
1733 329817112
1257 37079862
172 481237299
664 367488523
1073 65776810
1101 337252361
275 713673793
1663 462044632
713 516405494
1453 651207609
233 547898184
306 483085417
1639 477978496
102 546140738
623 110892131
1196 706172980
233 69793297
184 524065174
1120 630167936
576 90213709
10 266476199
730 712658881
723 78710955
508 552882737
1369 640860271
1223 337055190
92 78316340
723 775004948
1225 231130955
372 458062694
70 316487794
108 364432505
1715 5150234
1038 345006941
1446 86653808
629 608977637
237 737286203
1704 581551954
821 521219346
1671 122702025
331 636439291
237 613040447
524 532168000
643 796450633
532 154629345
1031 683595271
624 648388962
926 31513495
1550 271874297
336 492488068
285 234076191
1164 78945788
362 736629119
301 339638117
1472 425671337
1051 339191884
77 614864619
71 512548380
864 328314949
14 281085757
4 339265106
1347 148235924
1286 69147513
248 564159538
426 384752166
1101 140089326
524 878982932
1010 508525382
1562 63678430
703 761759811
1497 603995488
955 491731063
850 173250494
1176 315918543
761 830509409
1606 312636042
1570 822188078
496 110395839
512 877664861
471 9523129
934 344782702
1387 658325604
1352 454424030
1733 278435837
1371 785397795
438 174026543
408 505946446
916 256483931
894 196763889
881 378414848
1012 75913152
1432 800422960
518 346292752
1715 61295654
106 27342792
1016 701683799
23 162392108
147 753848894
1437 266070568
358 659974084
840 677967768
1384 11823161
748 723671866
1377 355621917
1671 896212438
395 367014221
103 163794614
840 430991100
1034 334030280
879 369790617
128 829455927
60 337521159
1698 670570621
352 679743037
24 701369951
1545 565372962
1111 873786849
1671 531415606
407 817775499
329 3771076
758 662294873
10 28081531
899 565714536
1449 630803876
1664 729960035
892 625823789
1553 832645301
1455 316170793
1454 782202492
1404 502077559
1704 691893269
1334 510167850
246 33084115
1734 266074911
846 785170046
733 1628282
627 525141871
58 32479627
187 131247601
85 182042076
1135 252397357
1243 74450225
675 541009850
1095 646830019
36 651738615
1478 291583144
1586 239218899
754 332625717
1244 80251149
173 370616193
1435 72301480
1699 620405301
96 174565539
244 126746685
975 730159028
1217 741005697
1374 362388108
949 588012201
590 568109785
557 144405961
1283 444211545
1557 767809602
1717 125665615
1470 528402248
1584 14172230
996 265423663
885 456136161
32 518393882
1602 553159307
93 437503423
1272 740993760
324 737450480
1137 220786429
11 481579902
1225 197721262
1743 786644515
572 278917779
733 756829233
1585 207652751
702 696842031
1685 872696545
879 221982747
431 499467273
1120 406081427
1029 168282527
1485 887363490
412 572839496
1297 250070263
1390 769282163
1238 817046543
1658 177270214
189 675700682
408 287940437
1546 493405855
137 275681860
1480 321046281
1236 871505666
771 807338997
202 350266039
1173 107077726
263 755431892
1032 381113197
403 361300653
726 309692748
1216 514047708
1448 703511319
689 543979832
309 848287271
920 666935781
1107 416112466
820 35854901
1694 828306317
745 795818460
887 515692116
778 708258214
441 207047957
789 513158895
1554 135578331
1621 760291607
1467 788063218
1232 838046537
893 453953114
746 669823839
1741 564605719
1197 208304576
827 640950883
648 783350223
764 473841601
607 512742495
1385 423518700
127 499365939
1 689162814
1756 836276575
1249 394753928
338 57196983
462 486013504
918 513740844
799 684878681
300 22407960
629 478721856
296 271036340
1230 13988482
323 325706513
551 198180053
1420 761622789
79 3534397
1569 831970696
1248 622725548
1141 708782651
277 494970817
600 381110210
1114 828091604
1560 779646744
1294 740246276
1095 118618181
775 250696614
1327 655553857
414 821721676
1566 594227567
1117 449705534
290 828299306
340 828868350
870 739721626
250 770255320
1730 217230972
1571 481695602
558 492840141
1518 733114607
724 50992682
1284 154399449
1587 127330615
920 702572734
1106 153290555
1007 401278975
696 636876294
419 870527081
1502 348934674
1103 552361054
802 77977120
717 881672558
1729 862000865
1058 677074846
678 685855512
850 753190239
1669 642447136
1270 700717322
1544 276931384
1385 88851228
236 207590950
953 88644746
529 526804618
103 255145184
1725 51971725
1354 769540417
768 336599217
358 805001233
1271 795186138
1062 102470326
873 405308333
946 546526779
675 328506558
61 108672413
1092 448592078
1653 52251191
452 408532306
137 185305124
1380 651082487
274 302514365
174 456827469
194 474776372
1193 421246511
1223 704405107
1387 761626434
638 707791505
682 511127621
1737 234076034
569 778863248
1305 234741496
27 110820914
784 574566088
674 532203630
780 321944111
127 634535407
1205 673265512
1617 3696156
329 263257530
665 330129445
1302 740385382
176 800360035
1107 653328695
333 361674492
408 343354234
378 763028211
1276 387056834
1229 396105068
527 590633668
520 523557796
1315 330296542
1504 675523912
1648 506618129
1521 755351166
1465 525771442
904 886475722
1572 463594967
1758 192867367
436 549468332
521 670160813
1517 854977190
267 701234069
111 451000620
56 24965400
604 328861239
1451 104060614
519 75475772
1463 541473186
824 386780148
490 312219359
1052 610989826
301 298634247
283 715901706
871 645599420
34 163716452
1501 380891574
197 430912976
555 77345315
1160 288987072
1343 641178197
1714 409065671
866 429378207
1089 558967628
706 656240419
786 194636881
207 172099522
1631 421938000
1444 682066414
401 708356138
1103 781909524
1297 885228460
1105 418812380
732 661338211
1091 81139406
1582 479609423
600 349023233
589 824870567
1070 790873651
443 628017190
272 561209217
1415 57120521
1426 706542584
1143 538137878
1201 557722674
1360 233767382
1691 450545371
403 11344280
384 224217347
1713 714198874
276 426192198
1287 716602934
1092 244196472
1488 288719723
548 46334653
279 263743959
36 598644452
651 474672180
498 184688563
408 220225528
946 849310808
1183 636368854
645 539025921
212 514453530
184 792797212
1592 473084024
1749 799849673
740 26498682
1475 308615508
176 537022312
1014 542131409
86 408051585
1292 299675807
1534 631606428
987 634369167
951 812689493
860 560527154
379 285652756
123 44029289
48 4847050
293 713288997
1316 247845925
947 721670211
1503 36780420
1656 234495417
75 174047404
1201 796748571
1254 649827041
321 62816755
760 204056207
285 392555512
960 882594080
264 787170804
998 605303991
330 480655362
1455 717686086
359 701716919
933 20977524
1507 285348661
370 567232607
885 109167143
1677 869236762
1368 109503116
1416 273380529
1034 425813150
1586 396276716
1348 249477310
251 229511784
13 723796001
342 417477822
99 816554360
511 704117352
31 504095537
1765 365974285
1061 440169716
5 632857601
1351 63511693
1263 501687379
168 30734316
414 502360110
355 501948695
240 724553146
91 337116838
1290 357511753
201 846758817
307 81928381
748 121596629
273 16987702
123 80792775
1608 400652574
1406 839114068
1073 528128487
1001 8973491
1202 835365713
588 148535581
361 398778617
20 288548636
326 717371623
552 676464666
94 798575533
665 562229392
951 234943965
1746 702465674
205 160722804
801 858955173
1080 91485241
1220 719556760
973 400316376
645 237109203
147 389527637
1242 241107992
340 774166775
1148 160898792
430 76830356
1084 16559839
1761 639135696
441 364651888
629 117058668
193 853944027
433 169656851
1426 346567869
988 377948238
274 844043344
404 507250072
1405 891144756
1716 13458251
404 226256997
1630 855048019
1442 204379164
683 850973815
1461 277287449
1398 283883226
1686 145614290
82 846061873
213 426474446
1626 206019053
922 290770808
5 218360997
1708 115087272
1021 690794215
1080 317333606
1641 30335820
587 879396913
487 442190288
274 301946800
637 773244149
572 293777774
1081 728399954
206 55294686
307 483666516
1757 207537417
1410 132404245
780 797620416
310 484857038
968 36950435
1246 254614157
393 49299382
334 199013429
1006 143248527
403 566137718
822 870784955
958 191496179
1073 481352668
608 323506579
743 408323882
838 288017176
1206 665422899
1303 625914691
1094 645173110
91 847797161
553 785201907
954 149675013
45 239356615
1169 795819425
8 774932902
871 179707057
1662 765953868
224 107956492
1692 509146678
1042 657234533
27 21615578
1436 353494669
1667 702720175
1260 164088210
1029 889112101
588 144203980
1410 428894797
870 221451089
1420 221286306
1438 51964448
514 344355615
1177 779273076
1393 761588713
215 730437940
1038 441363826
745 831965403
1431 503517149
1066 604937595
1266 52881490
307 619196490
725 646274801
864 150681837
1449 862003114
1370 284034202
1092 371309254
1683 489186953
194 38787378
1128 642644398
1207 687965498
1090 422115974
273 684842123
1631 430226330
395 620917867
660 426491983
807 761917629
679 639269526
916 822647839
1482 688031599
426 218254359
1740 627084383
1189 737246280
655 836260597
1180 216543512
280 348871575
892 723082841
126 535821733
1433 324529171
1480 295355069
1644 268491853
1189 586210710
1063 250562116
354 634247981
1253 887593650
468 409130775
469 676133642
709 212108411
381 437012803
768 672225364
1562 801472161
1518 446348808
1590 868376084
13 97176665
1135 805219744
661 205708891
978 387079350
678 803164703
108 409336864
1169 235575538
241 478434215
1271 81486966
1578 458988238
142 232135517
1592 539335960
457 257411483
26 208923818
1272 717415633
1628 897361701
49 316942176
1140 599450113
1553 620650600
1158 825218256
297 232900657
205 314753279
1754 597856138
742 885270044
1009 296350168
1688 247294046
1535 755500221
1449 512036284
70 73458171
1756 11447581
434 277938078
526 84384314
1603 231744346
318 529444725
1176 848630625
1130 476536645
341 526439989
406 479334058
1652 575859774
1263 180867628
822 186588760
433 618896381
1677 421585948
1367 868729791
1084 408851861
458 166910581
964 736227246
366 292159852
682 599823133
378 118067202
371 144834204
304 556959415
184 57315817
465 353065461
245 673808636
1448 663173580
1314 231680731
942 787085708
1577 528022943
1539 109832129
473 211600728
1580 578701011
1690 71006153
787 737795755
301 137219530
736 619513419
1008 518098775
1099 293300358
1345 420722176
1104 260792943
191 453322745
727 754854604
853 192779397
1230 768404112
340 135334888
78 822182241
1072 497414818
265 511855721
1071 568713525
636 631366586
99 524300657
1485 612135091
610 839820228
951 117455974
221 841925498
39 881598063
54 357453426
846 401657049
386 701299872
494 246786740
1543 56443906
1063 834573085
1062 388465602
1100 208368431
941 289871911
295 229538082
1472 244241546
285 353500735
1213 144362150
652 335649155
1481 606865888
333 138236437
242 742743962
370 875216867
819 693236347
997 860064261
526 747460941
1172 211483479
1424 218227004
359 713349903
1384 131363663
97 56454816
196 787425965
1721 99198308
1176 363596261
1512 851032922
1055 105229155
458 755591506
341 176235044
1084 475640202
1579 97943599
1391 202499092
157 439889078
81 446932252
907 432374852
1629 772938916
570 721930517
710 524310020
1535 279826163
1701 828279408
447 504450025
833 598699772
1354 363910647
1282 96100303
953 606172209
1293 624037764
177 387585328
265 157496912
1111 781541228
1058 412754644
1420 839885526
1078 438550378
1662 53156089
1380 825933302
48 203985315
1317 748014568
883 607481750
1598 281750194
965 714886608
481 358349138
1655 877556960
961 6727937
1496 819132399
1245 572644183
474 65498179
594 320877685
50 574111301
807 42893868
1490 270604048
1519 639308480
1762 622907559
24 168119100
388 284252473
722 565919155
363 309362766
509 71450733
584 868955190
218 57997478
13 752168077
472 843093144
1090 629719468
281 522059094
590 179317548
684 28087273
278 873699513
27 493739650
660 433925578
1637 852667924
1087 95723441
1287 61740492
1273 554490462
375 415259890
820 416294305
1362 382364770
1062 545839056
1024 641262630
1108 492329519
296 722809095
771 140086721
314 758549619
837 735448291
590 154375804
54 676656015
1017 528386078
1174 125621027
1388 637684334
253 172807931
118 657928982
1000 758396190
839 351292662
1478 794533775
12 858442210
1746 645616113
183 487452082
1518 94909745
1091 55414451
507 263067327
1632 419961214
795 876092134
1712 508511040
1695 368760695
223 800742957
1068 879209822
528 149233107
8 736224130
367 336750365
193 123448594
1555 643068850
969 828844227
972 795040803
1357 885595518
483 436751267
359 773105577
1296 839551021
248 670550513
1716 565449095
172 783755402
388 413898792
1541 349595427
193 682709699
1566 869925979
1761 492710193
1740 631910393
1174 738649809
1423 850783039
1615 442422742
748 644441101
1233 651050127
1718 695671221
1417 86992431
507 446355033
1339 252970282
513 193836624
1093 826290369
1303 720402012
1113 148780413
1241 60449680
1624 803260902
843 713577287
90 371809999
1130 506375822
218 154635931
886 397967140
27 702061483
216 782733758
84 277306950
345 391798963
40 422613951
1068 781171615
925 181880301
302 201032268
316 584233467
548 583871237
1207 360001420
983 431324886
628 539183648
1097 792669885
897 535137748
1268 323784454
838 186409131
1643 304378665
711 567656472
302 601354336
1461 546135226
972 595221418
1458 886568874
1406 438274765
41 343239501
1002 582135102
1499 239090597
661 664683027
1034 389170571
693 863873575
363 767480292
851 746309589
655 120759103
1492 544728226
113 647945629
900 575827023
619 765202073
737 777872161
207 894006150
657 513599526
568 156682587
326 501251463
610 165363740
69 889621861
1584 349854783
664 763520010
1308 70020665
1349 339843719
1643 866312506
381 246840418
93 153530387
687 202731298
1612 720800418
1646 873575200
1101 239502025
766 788313577
702 796814395
87 127678488
1658 306463977
177 283892720
130 611158568
73 525047794
336 578576600
689 518139916
698 338215423
1229 783485448
1520 314711222
1276 54522560
1424 689722287
411 58504032
642 690632640
659 688216713
189 36924693
1585 13707556
421 450625555
840 322996808
681 179700995
1742 130364221
963 777067345
270 761941785
199 687247779
569 680747390
634 36645531
1148 323592358
1390 445520425
1156 633066868
658 59375784
808 497547681
408 196687357
370 631871021
173 544930485
1220 787245079
432 8271608
24 178519293
1461 411408337
74 46380223
1297 197208305
62 785690815
1103 474663651
1707 598062187
964 605514198
904 278379094
674 529686664
1759 217335717
901 510285305
856 722130895
726 734255605
1105 680649556
274 873732831
1647 798697683
1327 651031031
519 480345771
456 781077025
967 526078859
269 104454169
932 221156724
639 377462801
66 65761158
130 659988930
1243 795532744
494 623968754
236 425981382
1437 272474960
711 741837391
578 520600873
677 101134256
267 756441367
22 809351622
1266 625199894
1238 164078695
442 246896290
823 82791591
41 733154982
388 680574408
721 462111597
510 371220135
162 371129384
411 172742003
1187 486361734
589 319278121
329 416188639
1286 177387642
1247 10522412
80 56540575
600 736585877
297 85286497
432 684373339
1532 409390245
958 638747945
542 624074802
358 563071902
578 895931705
519 660442411
512 771105766
1533 466692096
442 218148541
285 467335720
1148 44539680
396 386890651
940 106381816
837 656534324
760 222595966
214 424162755
207 741214965
620 69052418
733 862497663
1332 654902835
523 450820477
423 629877263
1440 701599046
1230 246232265
1581 272140501
10 118678596
781 740819860
1658 574359416
1341 605315201
739 326731983
1120 710866163
1624 576296142
1339 820180242
135 230266409
349 771835027
701 862254509
870 842060445
1478 382139249
749 810392500
784 72937102
630 767726975
1725 95080198
708 120683260
671 580312302
1410 28886711
1645 153338020
365 334890349
1638 872836678
1269 343340587
1099 837004206
1403 58732774
1281 676756871
591 641296833
350 134268
1187 276201507
119 145122647
1301 205041586
86 141101081
99 141042672
896 245586795
1669 213727261
482 685976589
538 573601074
1581 689471607
530 375800774
760 112706942
