1547 2000
378 1
1380 1
239 1
90 1
997 1
1286 1
1094 1
9 1
1211 1
1443 1
973 1
176 1
1009 1
504 1
1077 1
253 1
618 1
516 1
52 1
382 1
376 1
200 1
464 1
1337 1
1319 1
1257 1
333 1
990 1
548 1
650 1
325 1
532 1
570 1
418 1
1059 1
851 1
512 1
1088 1
669 1
238 1
750 1
1109 1
1380 1
810 1
99 1
414 1
66 1
285 1
1012 1
1318 1
1541 1
1117 1
101 1
511 1
969 1
505 1
632 1
1237 1
581 1
1251 1
1509 1
673 1
456 1
1484 1
154 1
442 1
1065 1
1259 1
599 1
1249 1
363 1
1024 1
1217 1
986 1
342 1
1263 1
1383 1
494 1
1018 1
1161 1
833 1
283 1
75 1
1030 1
1499 1
883 1
450 1
850 1
996 1
1542 1
519 1
990 1
770 1
666 1
397 1
959 1
1401 1
53 1
1353 1
1035 1
546 1
9 1
1327 1
861 1
1465 1
1427 1
1060 1
12 1
1379 1
437 1
1180 1
1087 1
263 1
819 1
1512 1
1535 1
813 1
722 1
1433 1
304 1
522 1
503 1
890 1
448 1
1008 1
940 1
190 1
645 1
682 1
1134 1
1469 1
787 1
793 1
1159 1
278 1
1271 1
569 1
1079 1
1324 1
133 1
254 1
1473 1
31 1
471 1
498 1
789 1
1185 1
8 1
1057 1
1343 1
127 1
1304 1
450 1
688 1
700 1
824 1
424 1
290 1
369 1
1121 1
206 1
77 1
1000 1
1045 1
846 1
1387 1
433 1
8 1
184 1
177 1
842 1
1109 1
978 1
16 1
419 1
1210 1
991 1
830 1
46 1
1455 1
648 1
25 1
256 1
578 1
468 1
443 1
68 1
1368 1
346 1
1239 1
1216 1
1000 1
864 1
774 1
1119 1
1165 1
121 1
432 1
763 1
1016 1
1400 1
1441 1
1240 1
1172 1
524 1
391 1
337 1
426 1
1194 1
1359 1
1267 1
1256 1
903 1
305 1
1057 1
1299 1
940 1
1547 1
1535 1
1476 1
427 1
1440 1
583 1
147 1
160 1
713 1
661 1
446 1
999 1
368 1
791 1
1179 1
867 1
172 1
1291 1
173 1
1206 1
204 1
1173 1
452 1
1174 1
1387 1
513 1
92 1
124 1
1068 1
1095 1
155 1
1245 1
475 1
1041 1
529 1
244 1
1435 1
1066 1
29 1
1183 1
765 1
689 1
699 1
845 1
232 1
460 1
543 1
785 1
625 1
85 1
747 1
50 1
1546 1
688 1
1262 1
544 1
1090 1
993 1
1004 1
122 1
1176 1
990 1
847 1
33 1
975 1
698 1
533 1
534 1
1502 1
516 1
1138 1
922 1
1076 1
851 1
1326 1
1464 1
1251 1
601 1
1007 1
79 1
970 1
1521 1
486 1
355 1
939 1
1136 1
809 1
614 1
616 1
98 1
1015 1
501 1
650 1
1271 1
627 1
1441 1
665 1
639 1
566 1
87 1
1159 1
1265 1
100 1
855 1
273 1
1223 1
1404 1
475 1
685 1
871 1
248 1
1206 1
1450 1
1202 1
113 1
1211 1
89 1
1071 1
269 1
1473 1
1501 1
320 1
159 1
567 1
945 1
537 1
295 1
760 1
151 1
424 1
1061 1
394 1
301 1
989 1
46 1
339 1
1286 1
125 1
213 1
759 1
781 1
1372 1
1476 1
623 1
335 1
1013 1
651 1
847 1
1286 1
520 1
87 1
1174 1
422 1
427 1
1414 1
1481 1
1162 1
619 1
1002 1
1236 1
412 1
749 1
497 1
352 1
370 1
857 1
1028 1
41 1
304 1
866 1
1124 1
1255 1
725 1
361 1
699 1
1358 1
289 1
468 1
213 1
1455 1
1059 1
1481 1
1403 1
678 1
887 1
1057 1
640 1
151 1
691 1
17 1
899 1
1287 1
1407 1
50 1
753 1
831 1
129 1
395 1
1133 1
358 1
311 1
157 1
331 1
1308 1
843 1
1047 1
1446 1
991 1
1392 1
153 1
549 1
814 1
1358 1
682 1
1544 1
773 1
619 1
1419 1
1342 1
1020 1
822 1
1520 1
308 1
1054 1
1317 1
576 1
1429 1
92 1
802 1
26 1
1250 1
1074 1
197 1
1371 1
887 1
1441 1
1441 1
332 1
83 1
9 1
1485 1
1144 1
887 1
1503 1
1382 1
987 1
613 1
184 1
603 1
1129 1
995 1
1145 1
874 1
760 1
301 1
287 1
1456 1
1083 1
277 1
216 1
1077 1
771 1
1321 1
793 1
779 1
1136 1
1252 1
1357 1
1481 1
835 1
540 1
1193 1
206 1
868 1
963 1
112 1
868 1
122 1
1212 1
1003 1
278 1
345 1
1315 1
977 1
840 1
1218 1
1168 1
111 1
889 1
148 1
1231 1
37 1
1336 1
173 1
908 1
943 1
1223 1
81 1
752 1
1253 1
429 1
1419 1
323 1
1295 1
633 1
1423 1
956 1
736 1
193 1
1529 1
537 1
582 1
727 1
1034 1
730 1
648 1
1081 1
372 1
1321 1
290 1
1443 1
880 1
409 1
1235 1
1446 1
1480 1
735 1
19 1
917 1
757 1
846 1
405 1
898 1
76 1
465 1
997 1
1229 1
1447 1
890 1
839 1
262 1
1445 1
221 1
1065 1
1472 1
1209 1
572 1
224 1
1494 1
923 1
736 1
1541 1
795 1
1401 1
575 1
652 1
1374 1
506 1
880 1
1269 1
1412 1
975 1
721 1
738 1
193 1
828 1
989 1
1285 1
1363 1
366 1
1067 1
326 1
327 1
277 1
1352 1
535 1
1019 1
316 1
473 1
222 1
1309 1
144 1
958 1
435 1
846 1
1084 1
1033 1
1139 1
1040 1
1116 1
622 1
1254 1
1536 1
598 1
1084 1
1477 1
54 1
67 1
445 1
539 1
1110 1
260 1
1542 1
982 1
587 1
656 1
798 1
797 1
1501 1
1305 1
1454 1
202 1
753 1
38 1
560 1
294 1
1473 1
403 1
585 1
1094 1
784 1
256 1
1360 1
1132 1
81 1
880 1
795 1
1392 1
945 1
442 1
150 1
890 1
992 1
741 1
863 1
254 1
215 1
886 1
1530 1
122 1
281 1
1073 1
174 1
573 1
459 1
999 1
901 1
623 1
921 1
933 1
378 1
1253 1
1542 1
304 1
155 1
1196 1
303 1
85 1
1079 1
951 1
1520 1
1337 1
1044 1
922 1
73 1
928 1
1427 1
826 1
590 1
1224 1
524 1
556 1
737 1
272 1
1007 1
1121 1
1401 1
225 1
622 1
222 1
431 1
913 1
336 1
286 1
1117 1
543 1
1259 1
1225 1
949 1
196 1
667 1
1062 1
756 1
372 1
1242 1
1177 1
463 1
740 1
1303 1
1432 1
524 1
672 1
1343 1
274 1
54 1
1446 1
970 1
383 1
1028 1
1445 1
550 1
787 1
1514 1
1338 1
1541 1
475 1
606 1
254 1
623 1
25 1
1370 1
807 1
5 1
257 1
1546 1
913 1
1394 1
164 1
1046 1
325 1
46 1
134 1
162 1
1182 1
858 1
355 1
548 1
81 1
1079 1
781 1
430 1
1045 1
1454 1
992 1
516 1
271 1
708 1
1487 1
422 1
1073 1
385 1
1545 1
619 1
478 1
488 1
732 1
1068 1
1068 1
1140 1
1396 1
1227 1
171 1
574 1
57 1
759 1
664 1
1263 1
453 1
26 1
249 1
1111 1
104 1
351 1
179 1
936 1
599 1
1434 1
1319 1
1164 1
593 1
1399 1
247 1
13 1
1354 1
378 1
1178 1
1109 1
56 1
1030 1
1129 1
182 1
822 1
108 1
569 1
1208 1
184 1
1218 1
120 1
254 1
317 1
1427 1
542 1
246 1
497 1
919 1
1518 1
1545 1
467 1
825 1
289 1
217 1
603 1
1279 1
657 1
1377 1
278 1
762 1
1281 1
77 1
778 1
692 1
618 1
645 1
600 1
793 1
309 1
466 1
520 1
1038 1
18 1
583 1
911 1
333 1
305 1
88 1
927 1
1170 1
1001 1
901 1
885 1
836 1
1224 1
387 1
869 1
845 1
453 1
709 1
1457 1
481 1
1009 1
168 1
1412 1
1257 1
1368 1
1379 1
1184 1
217 1
1061 1
187 1
880 1
1448 1
1418 1
190 1
1344 1
385 1
242 1
53 1
1532 1
183 1
1320 1
189 1
1458 1
52 1
951 1
712 1
485 1
884 1
1307 1
700 1
1382 1
308 1
1193 1
998 1
1409 1
618 1
1539 1
1377 1
882 1
878 1
158 1
1541 1
641 1
1098 1
1304 1
264 1
654 1
1146 1
1466 1
1472 1
829 1
712 1
355 1
787 1
555 1
756 1
1079 1
13 1
1059 1
974 1
927 1
1088 1
602 1
986 1
685 1
1109 1
1367 1
645 1
381 1
1267 1
909 1
820 1
16 1
1063 1
622 1
1234 1
1451 1
910 1
472 1
320 1
940 1
454 1
1400 1
831 1
1200 1
199 1
1210 1
371 1
283 1
179 1
109 1
855 1
1547 1
587 1
258 1
1008 1
81 1
1170 1
681 1
501 1
672 1
493 1
634 1
141 1
794 1
124 1
1543 1
587 1
163 1
172 1
1350 1
1528 1
171 1
462 1
781 1
917 1
429 1
250 1
683 1
1328 1
1243 1
864 1
742 1
375 1
867 1
1017 1
566 1
796 1
318 1
810 1
1180 1
521 1
526 1
737 1
412 1
1353 1
616 1
507 1
1086 1
120 1
869 1
758 1
417 1
1510 1
1371 1
737 1
101 1
876 1
1293 1
953 1
704 1
62 1
575 1
293 1
279 1
276 1
327 1
1179 1
1113 1
802 1
806 1
1027 1
831 1
646 1
1517 1
628 1
1265 1
368 1
893 1
1094 1
809 1
530 1
111 1
1322 1
232 1
1512 1
477 1
1246 1
89 1
1272 1
529 1
993 1
81 1
789 1
70 1
1496 1
1486 1
1504 1
277 1
752 1
1340 1
1290 1
1336 1
273 1
447 1
1447 1
416 1
681 1
320 1
333 1
722 1
651 1
1300 1
398 1
945 1
341 1
1085 1
221 1
1203 1
1160 1
575 1
260 1
802 1
365 1
223 1
808 1
992 1
168 1
102 1
543 1
468 1
751 1
320 1
16 1
7 1
156 1
1386 1
372 1
930 1
1450 1
1302 1
1500 1
512 1
1332 1
1234 1
873 1
173 1
394 1
1261 1
986 1
295 1
683 1
1229 1
384 1
840 1
331 1
537 1
190 1
820 1
388 1
440 1
1093 1
181 1
1460 1
535 1
514 1
63 1
80 1
1500 1
1012 1
552 1
835 1
1210 1
1078 1
1431 1
615 1
392 1
1272 1
391 1
668 1
269 1
981 1
1150 1
875 1
1064 1
1322 1
1324 1
1430 1
847 1
504 1
1027 1
335 1
408 1
540 1
1284 1
49 1
78 1
123 1
1093 1
862 1
142 1
1075 1
398 1
1303 1
1245 1
555 1
31 1
653 1
1109 1
1402 1
1400 1
488 1
1202 1
63 1
297 1
1447 1
806 1
1290 1
338 1
1474 1
320 1
424 1
611 1
725 1
489 1
370 1
1511 1
290 1
719 1
420 1
456 1
567 1
237 1
1411 1
504 1
950 1
947 1
228 1
916 1
1383 1
1168 1
1467 1
265 1
987 1
936 1
677 1
1144 1
784 1
638 1
258 1
707 1
1331 1
864 1
1180 1
1381 1
67 1
419 1
917 1
1020 1
1013 1
860 1
759 1
1210 1
731 1
1152 1
987 1
1499 1
867 1
745 1
627 1
584 1
52 1
395 1
490 1
1192 1
1437 1
593 1
1167 1
26 1
213 1
784 1
1498 1
961 1
270 1
825 1
1178 1
1362 1
537 1
651 1
606 1
1057 1
340 1
1115 1
118 1
1123 1
500 1
1091 1
533 1
1541 1
353 1
1074 1
1223 1
1464 1
1220 1
955 1
995 1
377 1
109 1
1170 1
1048 1
505 1
26 1
912 1
852 1
687 1
983 1
664 1
1383 1
314 1
359 1
1174 1
1017 1
122 1
564 1
344 1
863 1
1332 1
165 1
364 1
1010 1
576 1
940 1
1252 1
976 1
1189 1
1157 1
1022 1
810 1
244 1
1487 1
296 1
357 1
722 1
875 1
98 1
691 1
66 1
456 1
139 1
1146 1
938 1
1172 1
36 1
556 1
1168 1
524 1
197 1
403 1
310 1
1337 1
1350 1
1319 1
1078 1
85 1
722 1
493 1
204 1
684 1
108 1
1444 1
110 1
498 1
1050 1
676 1
1403 1
985 1
506 1
92 1
25 1
1482 1
283 1
362 1
594 1
659 1
539 1
341 1
669 1
206 1
474 1
1402 1
1329 1
524 1
1446 1
587 1
1450 1
706 1
91 1
1353 1
386 1
421 1
549 1
454 1
785 1
274 1
79 1
1201 1
1242 1
537 1
290 1
583 1
147 1
1511 1
1148 1
576 1
672 1
1162 1
1114 1
935 1
1002 1
936 1
1011 1
723 1
1527 1
637 1
1 1
1211 1
569 1
1089 1
355 1
1442 1
80 1
1198 1
1256 1
849 1
146 1
1309 1
1135 1
1098 1
456 1
859 1
1368 1
1326 1
1344 1
206 1
509 1
346 1
675 1
23 1
1128 1
914 1
1517 1
1008 1
290 1
1517 1
665 1
1135 1
269 1
414 1
1409 1
555 1
486 1
1203 1
238 1
442 1
1009 1
752 1
1367 1
39 1
550 1
128 1
1072 1
963 1
626 1
339 1
763 1
718 1
1273 1
1302 1
1034 1
1535 1
1230 1
497 1
131 1
681 1
1162 1
92 1
1318 1
1346 1
1038 1
668 1
153 1
1200 1
1 1
1257 1
1222 1
478 1
1505 1
334 1
1251 1
1226 1
747 1
1231 1
795 1
552 1
693 1
438 1
359 1
32 1
249 1
1083 1
1020 1
1076 1
677 1
833 1
999 1
781 1
157 1
1326 1
662 1
1363 1
1175 1
1410 1
21 1
653 1
71 1
635 1
625 1
1242 1
671 1
722 1
244 1
645 1
947 1
509 1
1213 1
992 1
1249 1
391 1
1029 1
1458 1
930 1
120 1
1459 1
1194 1
1545 1
771 1
235 1
695 1
1010 1
962 1
1390 1
1223 1
64 1
290 1
789 1
1097 1
1040 1
1537 1
900 1
1060 1
732 1
1512 1
1012 1
600 1
147 1
925 1
1041 1
1293 1
1367 1
102 1
224 1
861 1
1117 1
184 1
1481 1
788 1
564 1
979 1
806 1
893 1
337 1
95 1
1049 1
320 1
169 1
410 1
669 1
606 1
1424 1
874 1
1480 1
702 1
1478 1
1304 1
9 1
298 1
1473 1
1492 1
894 1
1202 1
1378 1
103 1
373 1
566 1
1046 1
1120 1
553 1
155 1
1287 1
657 1
529 1
1420 1
428 1
534 1
1376 1
220 1
991 1
1177 1
265 1
697 1
589 1
716 1
1346 1
627 1
649 1
664 1
287 1
875 1
531 1
720 1
932 1
805 1
22 1
1460 1
976 1
1159 1
930 1
448 1
953 1
956 1
1526 1
1108 1
947 1
172 1
14 1
751 1
500 1
1469 1
1370 1
735 1
378 1
522 1
640 1
908 1
646 1
506 1
1434 1
1098 1
1380 1
583 1
178 1
139 1
22 1
1370 1
713 1
891 1
259 1
1269 1
257 1
881 1
598 1
1432 1
1202 1
521 1
273 1
377 1
1529 1
977 1
830 1
298 1
406 1
251 1
85 1
809 1
1040 1
766 1
1102 1
1425 1
241 1
1041 1
647 1
446 1
300 1
1248 1
911 1
269 1
40 1
1345 1
180 1
1354 1
1523 1
1412 1
201 1
617 1
1312 1
300 1
351 1
755 1
19 1
1480 1
1382 1
221 1
399 1
20 1
886 1
1249 1
878 1
787 1
131 1
462 1
883 1
904 1
947 1
1352 1
67 1
247 1
1305 1
1086 1
16 1
797 1
1267 1
534 1
1462 1
668 1
298 1
1218 1
250 1
1088 1
616 1
1258 1
1276 1
1498 1
1491 1
324 1
486 1
1166 1
314 1
793 1
928 1
959 1
568 1
1467 1
1510 1
203 1
1486 1
267 1
1429 1
160 1
1210 1
793 1
827 1
514 1
669 1
930 1
1220 1
474 1
45 1
784 1
1029 1
597 1
1019 1
1082 1
1003 1
1509 1
1114 1
1120 1
1271 1
166 1
608 1
178 1
1434 1
93 1
1438 1
492 1
655 1
200 1
636 1
552 1
201 1
1003 1
892 1
1034 1
518 1
601 1
1469 1
1294 1
578 1
846 1
631 1
1169 1
1520 1
1304 1
423 1
1129 1
810 1
274 1
782 1
356 1
1039 1
45 1
274 1
714 1
1079 1
323 1
1497 1
1253 1
50 1
569 1
971 1
1439 1
629 1
754 1
1211 1
132 1
252 1
1024 1
879 1
214 1
970 1
1471 1
1237 1
500 1
224 1
1064 1
1145 1
433 1
591 1
1035 1
1439 1
293 1
881 1
1 1
106 1
431 1
296 1
513 1
643 1
91 1
665 1
1064 1
651 1
65 1
1014 1
359 1
66 1
1236 1
480 1
486 1
620 1
1339 1
688 1
547 1
1525 1
890 1
1414 1
521 1
702 1
1305 1
1427 1
1205 1
1279 1
1133 1
1420 1
383 1
574 1
554 1
1390 1
1171 1
1096 1
1279 1
43 1
1325 1
857 1
719 1
676 1
1307 1
427 1
1432 1
295 1
23 1
703 1
300 1
901 1
381 1
46 1
979 1
855 1
1443 1
1481 1
944 1
750 1
567 1
453 1
62 1
820 1
1295 1
728 1
562 1
317 1
1241 1
1419 1
313 1
690 1
871 1
188 1
504 1
1305 1
139 1
1111 1
354 1
569 1
1378 1
200 1
51 1
25 1
1415 1
739 1
366 1
964 1
191 1
881 1
1326 1
80 1
1435 1
518 1
510 1
19 1
344 1
142 1
1027 1
98 1
849 1
574 1
1474 1
1362 1
1150 1
543 1
1427 1
1394 1
556 1
778 1
42 1
76 1
1516 1
566 1
132 1
1052 1
15 1
1468 1
267 1
324 1
164 1
1188 1
1228 1
797 1
1239 1
965 1
782 1
1081 1
1244 1
779 1
884 1
793 1
167 1
167 1
891 1
1362 1
706 1
134 1
46 1
326 1
281 1
585 1
202 1
799 1
1151 1
1320 1
646 1
517 1
719 1
1173 1
51 1
1487 1
1464 1
1054 1
506 1
1428 1
884 1
328 1
164 1
631 1
1249 1
59 1
860 1
194 1
1487 1
185 1
157 1
1519 1
1086 1
242 1
1328 1
1097 1
453 1
1465 1
52 1
579 1
1339 1
360 1
458 1
965 1
172 1
1401 1
890 1
1534 1
23 1
1004 1
121 1
559 1
696 1
600 1
1074 1
1141 1
287 1
1121 1
447 1
473 1
1164 1
644 1
451 1
654 1
163 1
421 1
159 1
