1804 2000
1 212986418
2 519222946
2 504786778
1 239531791
2 248250730
1 794198734
2 353257990
1 296249483
1 798012209
1 337520341
2 21282998
1 355662784
1 250524638
2 209413741
1 220504189
2 830224194
1 502861322
2 704793777
2 382353916
2 30189936
1 515192512
1 417060373
2 377053340
2 28826931
1 582595471
2 290784805
2 68434141
1 261159229
2 885804992
2 885793832
1 734416992
2 79989853
2 701253485
1 828690262
2 502379581
1 573558094
1 408783063
2 526617672
2 573279932
1 817552323
1 307303498
1 139087620
2 122615157
2 25750368
2 542378521
1 206765719
2 78265290
2 543299769
2 649951905
2 632064271
1 97111674
1 374687709
2 878154067
2 719076475
2 98258297
1 111931251
1 49744677
1 761931557
1 293573253
2 865377547
1 128543896
2 535382765
1 325012954
2 75850301
1 444197260
2 405953105
1 686836166
2 383896293
1 272166701
1 739289946
1 761880160
1 463559454
1 219937546
1 694346483
2 426300448
2 385735334
2 290632208
1 239576805
2 546450024
1 203555558
1 483445052
2 304689533
1 847204807
1 382673804
2 527293955
1 586898084
1 133857947
1 632811828
2 295121893
2 783228088
2 71400775
2 403955075
1 238672605
1 253562737
2 363626240
2 226185213
2 581189094
2 434788372
1 253558566
1 544287237
1 703879763
1 617063212
2 518037531
1 321236097
1 801478292
2 335694823
2 718782940
1 670762673
1 237890384
1 717102726
1 52939743
2 403362667
1 799292756
2 459752759
2 288428960
1 441972521
1 173957550
1 824813894
2 636696096
1 811808620
1 19927351
1 348462514
2 104163944
2 547509290
1 523194799
2 852702617
1 304736521
1 615325927
2 148586492
1 369587208
2 866029393
2 567068391
1 246554261
1 782963103
2 384775114
1 728007340
2 126236558
1 705033709
1 433184308
1 840829185
1 680418190
1 236652306
1 704132836
1 397250159
1 487720668
1 543404834
1 396555066
2 376232650
1 314909556
1 592633658
1 563685546
1 596879448
1 364925604
2 631753156
1 693742828
2 853979816
2 78279594
1 540222090
1 173001290
1 617766812
1 468012223
1 701381302
2 765526450
1 378926634
1 488415241
2 654576854
1 211469533
2 123298866
2 829719851
2 263356937
2 536916236
1 320177639
2 894419622
1 295021578
1 179028530
1 473647840
2 661193914
1 211742156
1 510739427
1 49824384
1 676970141
1 824572783
1 628183916
2 732770608
2 363795302
1 109962188
2 252222487
1 641204744
2 50637079
2 466853977
2 210133933
2 501452918
1 134895644
2 756208878
1 553686195
1 259950238
2 604713674
1 382718447
1 512219797
1 843011990
2 576224525
1 551257700
2 686536411
1 332945064
1 497419291
2 680227579
1 333233750
2 394565346
2 280358956
2 137574808
2 584879724
1 82098175
1 470932167
1 589252046
2 434888300
2 477905282
1 819307808
2 516796600
2 285568204
1 731142374
1 100738184
2 836795041
1 165062322
2 285119315
2 463906263
1 836096317
1 201945939
2 257386526
1 527498107
2 735681460
1 269884434
1 581681702
2 253818607
2 357893723
1 690069750
1 536512878
2 785040016
1 547004427
2 449049464
2 842137923
2 730255670
1 719138788
2 536748466
2 816305725
1 20027622
2 373740746
2 121066207
2 638312106
1 280714341
1 203171952
1 648917899
1 688937095
1 674526618
1 185450329
2 642115150
2 320398986
1 139940275
1 837989816
1 616516914
1 6691698
2 878791495
1 193981757
2 771659392
1 718273339
2 390129380
2 212648223
2 280130503
1 564126802
2 206866720
2 82777252
1 145433952
1 661363785
1 761504464
2 473738059
1 650350086
1 736322857
2 864110344
2 425197877
2 537650776
1 87943611
2 281405883
1 331696211
1 321527714
1 626659620
1 869363938
1 871941992
1 171788906
1 147179990
2 801346322
2 220139740
2 267106892
2 441127258
2 803580801
2 858549818
2 286894734
1 525657084
1 79974873
2 895903421
1 452560905
1 185613805
1 59239689
2 603234395
1 334006063
2 10445226
2 752195937
1 406445468
1 614996634
1 84761773
2 623351812
1 246907541
2 693939611
2 454714377
2 516081034
2 418685728
1 336301324
2 191352513
1 390320265
1 206785302
2 718991656
2 283815408
1 173036194
2 39730302
2 246484469
1 151783337
1 458906459
2 649375624
2 104112604
1 73712873
1 314002533
1 814667643
1 584560201
1 705132517
1 792183631
2 652916623
1 882751800
2 594369840
1 643368864
2 527794742
1 715132934
1 447974430
1 98522391
1 429452941
1 298856747
2 493735965
2 177961244
2 661158659
1 315355930
2 493425512
2 250680961
2 291169336
2 779193862
2 556572902
2 889129088
1 617939798
2 577612161
1 429701425
2 177539667
2 877066627
2 172625756
2 100315204
1 780755999
1 552382925
2 414466895
2 840305557
1 593901254
2 401700304
2 771324563
1 717850732
1 173676125
1 182943740
2 53459640
1 105322316
2 181442114
2 670778123
2 469928341
1 197311556
2 398937672
2 603726458
1 682886252
2 187173894
2 759897008
2 440084418
1 559797521
2 95934279
1 11719561
1 192605782
1 765366252
2 679866758
2 757449065
1 666317436
2 254005523
2 595751082
1 690061678
2 624437193
2 552955276
1 324715252
2 440584070
1 19431359
2 477273304
2 638528222
1 100521104
1 276989015
2 790955946
2 420085339
2 337145767
2 252651790
1 760221260
2 845672681
2 8713747
2 636281607
2 479332345
1 533673397
2 136494531
1 408023971
1 751337802
1 700688492
2 768856917
1 820461591
2 373492093
1 96010591
1 450976305
1 241115156
2 100081215
2 68272279
1 710803415
2 517419577
2 517765199
1 512864086
1 690576528
1 369329558
2 872288059
2 201678581
1 403798013
1 753833020
1 378086478
1 484687740
1 718206504
2 636291198
2 665884994
2 53910354
2 497580507
1 194710940
1 491546654
1 705128830
1 183203329
2 566915127
1 361516913
2 867914241
2 199974953
2 872679213
1 397210481
1 122524674
2 110756743
2 220240275
2 42640368
2 14846625
2 152133095
2 382467428
1 32317606
2 167511433
1 122388843
2 269526636
1 724050124
2 480790294
2 884286182
1 248789529
2 685170909
2 392787681
2 88900743
2 617318350
1 484650969
1 612572410
1 712471454
2 520043386
1 560144579
2 387664184
1 877647595
2 204002690
1 328627817
2 220281545
1 20151214
1 362203510
2 76885958
1 119975040
1 146344870
1 280240363
1 844074984
1 764114615
1 746615890
2 660027722
2 878088734
1 814486436
1 80007446
2 701094559
2 496535576
2 825120091
2 161077807
2 31505131
2 8327178
2 566388682
2 253737804
2 673261887
1 538406894
2 49148951
1 491869385
1 263617974
2 198605381
1 816929474
2 882879617
2 377296611
1 855656026
2 236299645
2 537646490
1 608767081
2 856560020
1 185979772
2 865399275
1 725362525
2 660599461
1 270217517
1 644167127
2 534912077
1 139391854
1 442144
1 753258255
1 261643139
1 741430561
2 177581022
1 709240499
2 163867223
1 537368584
1 642563995
2 664157331
1 196046207
2 402605138
2 868004575
2 848849647
1 729021844
2 608746715
2 830447457
2 505728203
1 417060116
1 511789149
1 808030243
1 274913244
2 772211686
2 399902514
2 115335001
1 138351654
1 431155096
1 151123399
1 596525810
2 378297581
2 574740381
1 543481076
2 154063579
2 835935325
1 249738788
2 681990750
2 435549510
1 195363993
2 279640079
2 84998374
1 668132315
2 147126150
2 133070034
1 318295557
1 78247357
1 481871097
2 479984287
2 379463433
1 274487587
1 756535734
1 786109602
1 415094520
1 54814260
2 735208617
2 952643
1 148312472
1 606713177
1 885345345
1 182674517
1 307758661
2 431610954
2 113279214
1 272106374
1 491513359
2 348217349
1 431443723
1 226018654
2 149365324
2 309366024
1 749929173
1 611266898
2 734312357
2 642906493
2 432074597
2 685579520
2 141526415
1 799360013
1 308934153
2 97857628
1 497060325
1 789073656
2 2869331
2 93222573
2 553648385
1 730994164
1 248456138
2 676512243
2 599270026
1 290719410
1 887622747
1 294558624
1 751206034
2 160756649
1 531655828
2 302779827
1 129229098
1 898368031
2 108068861
1 381604034
1 361286883
1 355507283
1 449347620
1 863725207
2 709949818
2 589279409
2 591285709
1 132831270
1 389577174
1 798214399
2 72644644
1 321142219
2 351995543
2 345823885
2 277827179
1 380555656
2 716985560
2 390496721
2 615914594
2 96962135
1 259502796
1 438260257
1 355599682
2 93019839
1 544275932
1 91055348
2 683524941
2 789124695
2 221273458
1 737937340
1 423072755
2 471345432
1 577635579
2 519927659
1 326383348
2 375615909
1 344820377
2 88272070
1 868462699
1 379708542
1 866941884
2 889536303
1 777384279
1 738743277
1 182543760
1 614725776
2 420240953
1 623663123
2 255590628
1 376396131
1 382095069
1 351167632
2 597414037
2 16416010
2 183647567
1 442440464
1 113382159
2 606007563
1 838408624
1 197437207
2 769861677
1 795233490
1 762643056
1 616037660
2 144122503
2 28129703
2 40543978
2 267130846
2 317904696
1 878491416
2 820811393
1 579986895
2 689855759
1 864854970
2 17133675
1 477181836
2 435219019
1 827901218
2 573271333
1 401841587
1 765114606
1 642528043
2 210983972
1 91574637
1 283892206
2 675390277
2 595744763
2 578902396
1 408957547
1 884274311
1 675448254
2 345582120
1 237816895
2 9624533
2 177762237
1 330164509
2 637782244
1 93456388
1 558963658
2 80253250
1 420897371
2 517232235
2 805216679
1 135077101
1 12243950
1 728704162
2 430549071
2 581883607
1 760871377
2 381478633
1 710227957
1 201537490
2 507825199
1 63973949
2 864290527
2 759245490
2 882992428
2 374889162
2 100452780
1 65130507
2 718990987
1 825585770
2 803221422
1 471700851
2 415811688
2 247185320
2 241053927
1 325480557
2 121693855
1 610287642
2 445713382
1 890519388
1 672504065
2 502574081
1 308878933
2 311265052
1 48816610
1 564001499
1 344833523
2 705428773
2 391003201
2 224185035
1 899711853
2 439244570
2 846958055
1 524974368
1 77314692
2 668401552
2 24106087
1 23751852
2 451362345
2 886609371
1 33284860
2 832838810
1 589563179
1 337948144
2 671558513
1 848453111
1 314484304
2 747037303
1 376029487
1 477727087
2 234173961
1 375275088
2 175103989
2 301882993
1 91634038
2 876146700
2 619333115
2 604221592
2 473019035
2 375880133
2 683977757
2 41899292
2 512221207
1 240591682
1 880154025
1 197461160
1 200998867
1 751665129
1 224769606
2 132213305
2 300712496
2 375686993
1 543399566
1 213717715
1 783603186
1 200537379
1 53075736
1 605342682
1 370481452
2 284677133
2 756257379
2 746352926
2 50922505
1 532314775
2 16670852
1 886332441
2 751335541
2 573345660
2 712089139
1 228020821
1 89040914
2 637067173
2 750727464
2 672969364
1 699390963
1 546592534
1 610919409
1 21968511
1 666252731
1 798407173
2 194890983
2 667612462
2 14051732
2 855293415
2 366854046
1 591215870
1 237732168
2 732538054
1 296650424
1 258147803
1 484193737
1 236197030
2 111130926
2 28583817
1 861922552
1 629622799
2 131964629
1 57310393
2 632675884
2 464967936
1 319514211
2 44952701
1 434489533
1 848256900
2 754940758
2 281133360
2 898758930
1 205964543
2 589905788
1 894005865
1 863414724
1 638248801
2 45700871
2 753477194
2 843723181
2 454705900
1 297098358
2 632184104
1 157608446
2 783850601
2 3546332
1 584114255
2 273983849
1 498921882
1 481070486
2 789052275
1 644956811
1 731194465
2 649908783
2 528698954
2 158399941
1 111499853
1 180859430
2 750896165
2 604171873
2 361005231
1 646035730
2 112601988
2 180553261
2 114177964
2 14044149
2 236455578
1 777468532
1 668849132
2 462127343
2 542083296
2 101196444
1 213715423
1 858709618
2 859655680
1 290513995
1 49361511
1 337783465
2 644654464
2 154534792
1 225501745
2 552123141
2 517728076
1 524217030
2 185618198
1 453067953
1 742613315
1 524618829
2 433245303
2 182555335
2 295050272
2 168302481
2 215729705
1 578218065
2 458477288
1 7741829
2 876253973
1 699725510
2 3731807
1 384112174
1 768662421
1 370431733
2 319050836
1 258958926
1 659397991
1 448367943
2 266918399
2 400360646
2 787708494
2 239596484
2 677269469
1 94311927
1 439185568
1 99500483
2 45038391
1 342937525
2 894646362
2 606966687
2 443939231
1 598928758
2 656296272
2 799279638
1 13928398
1 169795446
1 708354373
1 475430267
2 628670386
1 887504597
1 144431244
1 827133643
1 752980610
2 283570884
1 666091697
1 722364976
2 346934945
1 348192630
2 35538709
1 153897799
2 402211625
2 479491034
2 734378996
1 15114357
1 498939076
1 331783349
1 851168360
1 33387483
1 658163752
2 134016961
2 565344010
2 361131546
2 560456935
1 377628095
1 831480363
1 175729697
1 887114439
1 598059295
1 418407447
1 665056716
1 820838681
2 536352774
1 522977165
2 795974186
2 865637258
1 749327062
2 300464621
1 322758742
1 210837643
1 79808999
2 318001341
2 134235898
1 658976541
327 695487522
647 431688142
1148 307887743
1315 84385402
722 321969534
813 268319146
1579 817717641
619 124094269
463 341474434
1724 356163102
839 468114782
1242 732524264
613 2342447
202 106699993
188 687739755
1538 777184566
1290 227413008
1445 615638624
947 446119732
1256 686147261
821 722417073
1201 891854653
807 286526213
1488 744596597
622 498575043
346 531854189
1732 527097209
1676 827181542
391 265371521
1177 779635057
1568 656487287
440 814913803
1264 727970287
238 293727421
1317 695659065
499 115822025
593 262839292
847 726058273
1210 339494554
632 462605707
1402 433525962
203 737866319
846 7748187
576 215084483
483 602641916
182 346421007
252 376607613
1453 782302136
99 124844531
1406 336503466
467 2870830
1158 246576787
279 887762264
1798 598156179
1301 182808522
1784 138095420
1676 139547602
29 3408521
1706 788489575
1672 433403702
1289 79996335
1454 365688765
1773 774776843
1185 811521243
758 819080494
1055 484470279
885 879501624
730 468480414
1393 88288780
1203 615598890
161 457327764
522 171781796
976 796573292
368 415133742
571 655548218
1678 505750190
928 722427987
1375 422959016
408 285646414
1475 48175655
1438 872545839
1182 775600546
984 562555815
1799 122167204
1561 895165139
1558 207173675
794 17124654
1367 792361500
704 292088087
1567 832756966
1733 118764527
1448 212477303
291 766968205
639 622366740
193 95293195
836 123440431
210 546944780
223 37332533
928 243736151
1371 898497312
1701 538209025
1460 687393225
505 317923512
57 157711796
160 869671325
1274 357629250
1364 408443477
866 867243051
971 432471056
1324 545439792
796 415058203
326 161308885
204 817532508
629 371729686
1286 131962829
622 413174195
919 204726940
1755 232660490
574 367399713
428 160567655
1394 331494654
1385 226489946
653 140195043
1512 341650897
1169 350295647
147 784102110
634 653813976
1626 475597587
1750 705757521
77 86874549
697 524574289
809 848452344
460 74929463
970 828035448
406 758857892
1628 178478169
140 178063634
786 643067952
1666 224338815
1082 302557735
336 740725712
901 252493412
380 679076646
1270 408500043
1301 680773572
1016 695878611
1420 642175334
1253 129082452
12 494327539
1402 65950849
35 33140585
72 630835429
1726 291085400
1294 676978079
1619 590353573
1236 575895464
314 754192529
223 525413696
772 58992323
1350 764184587
1722 407230948
982 431679397
1779 563938578
1801 316477402
1343 333943876
529 283188399
281 841015022
871 38701139
66 533041151
154 155960816
595 405051100
1726 212294552
1351 179702145
1447 690076237
772 678703574
214 373695195
1448 39828786
331 739371035
1686 430646552
1318 127988995
735 181701038
1624 497608627
1735 310584721
1792 496466544
1535 477709211
796 858343880
687 526455111
1203 828731812
1105 778299148
967 19246183
1394 460938596
351 884430580
863 147598054
1357 278676063
614 451026767
1405 460688844
1366 330766915
461 102904530
744 414622701
1594 27068567
1297 451003104
102 286585801
1172 584009693
1184 273582762
1674 674426141
802 256347647
876 708536261
523 185581756
507 409152911
1771 294758114
136 701634190
134 84337483
1618 406853753
963 523571151
417 620532754
189 478787200
741 44779092
476 306391595
229 245492920
1479 148862225
499 187300520
268 468716266
719 850304774
1109 528165920
588 532272838
175 712461006
621 44627266
918 106144830
866 113966762
1717 408594985
14 10175240
879 131778297
424 879875599
576 869798125
1095 26128435
116 602750543
664 504323618
1490 656044083
1784 244943582
290 401770601
1457 515157759
954 427712422
150 449948722
1217 187841655
481 634890877
302 288392006
1582 20715942
555 685246227
1586 267680156
973 720814235
714 116595642
732 498627488
973 548025231
1050 426848105
1249 450924957
782 609056605
1600 420271340
130 145130526
1777 332081615
683 888605744
725 780216636
205 543018047
299 538447607
219 258750053
1704 876641485
1457 627192930
1461 371372570
950 842523871
391 398898933
546 689403726
443 532212050
754 252994732
1363 886872168
932 638977055
1223 251080032
878 746401887
639 352841478
1192 759505419
130 309877924
39 265285669
247 161369771
1024 5526647
517 796006878
1326 68546463
1647 762077952
1216 573419507
138 605636467
1248 531381086
1098 435055540
958 185171722
601 423676480
878 75647815
1482 312534584
434 446719945
771 210873915
1135 778242031
1484 655490144
1450 893451128
313 679817690
1607 827749417
1406 841910499
697 221558720
1617 294912101
444 356493767
58 777526120
978 564674639
127 899332672
1002 183824582
521 124710324
1146 463559696
923 91038111
1342 798263852
613 563471829
274 707406614
1770 423908750
1213 382203334
1658 896553604
247 182942242
1074 626489110
591 480482529
992 256691130
1387 228635478
1793 90280757
307 400941715
455 723042234
421 196968067
870 159931792
1801 480657957
1718 322966213
348 565313518
1399 754000368
279 122851958
836 2096713
340 561670747
630 421595081
950 681085718
1274 339914876
1529 455390626
1623 405167767
277 603368182
217 434187220
1707 346715285
1092 838442306
833 863903513
151 138396052
391 693941843
139 639514865
374 561857996
1413 674643211
210 293751115
1078 199157688
935 685365713
250 223676202
91 563758478
881 615508180
1580 425815539
1435 229847
826 664309877
1373 135186286
1165 788100358
327 339832815
682 311038300
1158 617085655
174 15983762
1547 833913165
143 510851253
1632 352669731
1096 721612724
920 76064995
714 447239928
1788 870165569
680 618734310
848 345448492
802 683741893
1129 145257008
729 209719026
1355 784632577
1243 178454978
544 839753190
1739 590842435
1607 554042674
204 245421719
1362 283131287
749 468701698
609 25505957
1749 112773442
251 726331211
1644 4133962
963 665861330
1534 166725414
1384 789294388
950 253365453
1135 12709759
790 188910038
205 62916289
960 848359076
1478 454942417
522 854878692
1221 508470536
1284 282132351
780 23250367
313 696950709
1431 74804021
501 626315866
669 458276422
354 333805504
257 167127820
1301 379743371
477 186244583
1141 830603448
802 192980259
939 505842538
535 652308081
1737 892911730
509 475844214
856 382084614
691 344473892
1165 797844824
191 577840585
1570 281095792
952 825409695
1098 662404669
1677 525396935
333 584279804
1212 741796869
284 411893512
109 630854124
409 650585870
297 890371003
36 110097724
1284 19896307
161 694052106
1476 770830514
1671 880543820
152 427535747
1292 600164828
1169 155642286
643 67443256
574 847058686
1025 10462005
542 690560684
649 141312896
815 233870152
1416 418522904
1416 708933477
674 73405107
623 343635339
638 447811577
939 347472668
533 258163360
191 482732943
994 681272512
598 370751959
66 618796078
719 720349469
1578 755659886
432 686188635
1304 593175674
740 835447012
1003 732444969
622 819098107
187 401231592
679 410891743
1644 648554995
1076 797929404
244 699481066
1281 161784873
1151 713623534
293 567809060
1158 873258006
825 781039185
931 585983329
7 241021264
404 60337450
965 18606301
1225 356064589
701 224812608
190 818429160
1391 59070564
745 898217440
97 401606282
1593 542164131
1268 826360295
1411 306008262
1167 893126757
102 785502362
476 730750127
1383 8108070
1585 682012285
670 762701694
648 322070455
1788 424129226
692 806554812
1479 612572252
661 697627585
960 627789994
190 807944705
850 372578413
1430 417958834
993 236114452
1655 234622833
935 292175430
1220 253830935
1109 248982018
1053 251593595
1357 829936338
513 820621124
67 40067510
1479 94544656
484 773578244
1543 235730476
1309 479810270
335 240482677
1449 148614831
1000 369021894
138 691810168
1605 658918686
1711 398509181
159 626532713
1280 397543221
1298 724799479
872 636852191
1767 49774011
1655 394844379
1560 446775942
986 154717199
47 315042325
783 311208621
101 354351402
304 699935821
1058 315932726
374 860892959
917 896979932
433 19378141
1046 714770298
675 445503890
1610 704042883
1219 577842306
593 266506071
1605 794235459
735 681467017
103 54110309
357 651981857
930 305574607
1703 635434846
1274 320443719
807 451113605
583 220238257
1513 89564307
477 91194072
973 859564368
344 177058300
609 529042089
371 282922224
486 247152302
1265 323698466
941 664825232
1230 289932362
1354 524592582
411 771308718
1435 691128794
277 341135666
1695 595700394
1320 542419656
1202 537370636
1076 332142832
1295 678158568
1241 787216388
1203 483560208
707 306952152
33 284712271
1264 891225550
415 758483348
1049 37276894
81 778096699
799 79247118
934 723145874
1713 297866221
110 480599946
513 366191461
476 152836545
1618 831808182
1768 270875050
424 699908989
476 434529862
1324 538814091
1039 5352344
1040 553693442
1693 268514737
1741 26559736
875 618941593
542 120505381
481 142150719
1459 502149230
463 513108005
816 626868694
157 588295412
1057 28279909
616 722286617
877 62947282
1107 884111111
1416 881797203
276 27243417
284 210930970
262 630197343
1570 76848867
1224 381570540
900 219066946
1724 188819118
37 440499213
691 16570424
380 381358429
1046 128126956
755 61571126
950 1599135
1345 374804575
1201 384712808
1200 126262929
1110 293546945
188 649340511
294 71493671
574 305828998
1039 788027117
84 156194965
227 454793801
65 730423464
613 514842266
1799 245065945
1122 15150128
45 837987968
506 712301827
143 376512524
748 578417023
1760 266996939
188 289826935
13 371903190
682 304356768
1398 573467513
798 499858541
236 592506847
147 724862821
541 872105828
242 264109282
844 285413371
1625 865162095
1470 130942716
426 110783947
1585 299697545
1130 163527823
657 597637148
580 266924475
885 807025765
1272 590697073
1199 305708114
553 364830584
1528 508818333
327 8296563
1225 518807375
427 669270346
1763 743734522
1407 104444515
1348 62023343
354 375029960
580 738044248
1631 556144891
891 514875952
447 383973181
1524 864057645
1 253830854
250 203602956
666 601945013
605 26488282
392 892256247
1677 141356140
1620 561069461
1288 79608761
497 10635536
1798 692803199
1538 113272623
46 335885914
908 188669386
582 244311930
837 279934007
517 408849183
1192 832390788
424 131848996
561 734365592
201 607422228
1040 347330456
1443 384577699
1431 278167028
851 57855189
189 51060195
1227 448888772
1011 386399448
103 856304446
1707 431902185
1646 579765907
502 466893365
784 154988269
631 685661415
1518 705843306
1313 106707772
1661 836122464
1696 353083307
910 717048730
642 595462853
213 845414152
325 886015993
52 598473089
849 494115265
770 630935446
876 846643068
984 876168529
1162 739612610
1037 696469880
640 467066793
348 93993651
338 693771522
982 348726342
1314 118508828
39 594396149
1263 330386098
1327 805049992
1544 448408000
1110 157330065
214 343774396
634 720078857
1020 366987314
1104 207614076
1200 192494132
1639 862451
946 565995033
819 462535582
6 304810276
1513 193764464
273 418750261
1233 44165420
1088 407828039
1527 309069142
347 464366360
59 274636828
3 306926359
979 897385679
699 734031790
1500 121827195
55 48925504
598 810884839
989 281868048
1357 311050322
1043 202242727
1475 390964135
196 732907059
747 670903078
908 775397676
726 548178650
427 298580870
225 706231804
519 85467785
1787 27660794
1327 753295722
404 825689797
1364 528583328
692 795054386
226 721564072
1249 110438196
997 744653302
591 578754464
386 219820231
550 327000663
360 265424644
823 666758038
878 709181834
863 218103649
1083 301756670
68 763769818
1695 760147488
268 300227220
414 224541083
509 16541035
349 603221292
1519 242682082
303 493016510
888 649020159
1693 201475581
92 850561538
322 176911552
336 45288901
512 836896051
1124 584290921
647 288872269
325 14975539
1357 266071242
1024 259060846
1480 392917369
11 596825063
521 561858354
1380 217442498
1275 872524895
1515 890628742
464 333736666
294 453853736
805 616890890
54 583838192
86 349100016
1155 829329379
1794 299606650
10 32084536
539 232397821
1156 7338157
231 687991516
483 674924004
329 654518920
437 589585724
87 31937973
1703 439843933
1357 191385309
1573 678670566
738 80355690
1645 739949690
565 784074998
514 29183427
1340 560430336
774 600245360
1519 472357637
749 367504163
1693 644839064
1570 757789840
1450 539036134
126 186200484
1738 557263998
174 342062627
892 847924456
1509 820518703
1409 734533982
1767 724036392
1129 363260787
1398 163220724
1219 755576295
146 108701287
1041 63713219
1688 382810767
1302 66773170
711 243487348
1587 90119233
852 352130960
595 388301306
118 397167592
1793 623986611
986 59906655
1733 725213922
264 827350904
1150 631106898
441 717209938
947 557343695
509 286022674
909 419093504
82 820056955
83 339179602
1195 330840888
515 247928576
1104 32032331
223 754210493
1017 503441487
505 77923617
1771 50520566
1031 389608730
1373 620567395
252 657550743
1202 680988381
1456 654208710
636 198429117
171 349348391
545 494845555
1187 578340950
1378 315737855
1294 723557711
1317 690882922
1585 395144265
674 164654027
748 627147257
342 36128367
355 335665675
185 18415850
221 368610104
103 1028643
1438 787889174
1406 455885687
913 211615457
1678 90758715
718 550894087
279 684900915
502 108578793
1753 262931042
734 160247440
964 437767044
1604 617101892
564 498705703
737 290413570
1 282841193
730 859349541
1693 359719468
182 527664890
142 696404012
483 748911666
39 36826851
397 78625308
1760 493904760
453 524137035
143 160460133
1389 86639506
892 708359022
1179 339826798
1666 18758341
1438 489312963
1252 83409854
1193 232257649
1716 562281967
433 59187402
663 649940003
819 217608349
873 799494603
355 784905384
1307 470628303
1087 793273915
1784 722946705
1689 251220963
849 282701400
304 606191645
725 360140767
1238 350954617
1211 823555018
651 652253763
348 622312799
908 222736344
1231 66445604
284 838079818
802 491567436
801 275403112
1672 877495965
154 24986228
612 746585819
249 586090414
391 248915041
1773 747045920
707 592875585
540 705861312
1313 115688716
125 145862225
5 349143260
1340 485336024
1509 884631123
232 717873707
140 883676459
1760 205779683
994 716689846
944 125939242
321 362207710
1011 454487860
1531 343250364
1710 432750469
1058 505867512
1490 189173804
505 302292044
476 849984430
1456 726472738
217 168025402
906 365506494
1220 474023519
662 544099545
543 880780981
1717 579360204
734 779206603
1672 426796726
1537 169507749
1293 716567512
38 255722823
423 511644659
1738 29464870
1179 365066422
720 794789265
727 599162358
1159 531124294
673 726302043
343 671544503
239 536254680
454 452207299
52 439604631
1621 814500460
1550 162304453
320 351451321
1383 461624771
1488 218018550
1100 565058220
1321 509363258
808 114694985
1485 324150986
1231 443216651
698 252912243
360 658264063
