1931 2000
503 459838444
451 586271484
1259 143682454
880 724984772
1476 255891561
162 16947495
1678 460115025
1285 258406569
1003 339013206
1734 236442189
1 702404385
168 32268190
1888 363609628
1249 325343112
560 388992613
1831 360017593
1462 215891164
942 577841471
226 75938327
62 496651086
274 221504903
1397 210476842
542 832448418
684 552554488
996 21284664
423 885791454
1921 328099038
41 785937910
1443 791729454
1122 809457074
773 239874506
1316 635721147
882 360112721
849 276204219
625 403225726
1468 264114543
1062 544364389
1498 165584115
185 633736847
1303 764588503
1299 527007467
901 171542088
578 335592340
38 386945940
1339 213970106
659 642992471
84 516343093
1572 112522891
1675 324665126
1638 199365843
236 431966521
1669 787065466
1373 449877212
93 272955553
512 782839103
1283 503906539
494 173957805
416 724936672
1914 361263382
1405 444066431
4 815728976
1053 94397158
1807 726611468
987 208966422
1068 397992824
520 532054516
507 578859444
144 812259150
347 780876572
1078 179113181
442 640853352
1213 125311720
1818 413193568
1222 41584689
496 703149995
1624 302089682
651 670908492
1601 711848125
1709 544511814
882 204054822
1454 61232892
1876 576020259
1353 658713781
966 114435147
260 318770579
316 323344576
763 323750699
1386 598817615
81 270284111
284 811763870
1791 462402423
1908 586150420
1180 837677050
273 475807943
1415 641501471
1810 329961827
1328 646515417
418 830552921
499 87930864
1206 163852434
1380 34557865
696 737922273
576 158181006
596 775693943
119 507845593
1687 432505809
1879 156522314
1417 778898667
65 660238160
957 893532912
231 562422355
843 112192689
417 430890120
297 815318379
270 707845637
861 452418461
1756 893382673
181 618165107
1061 504140926
1283 638007782
1529 789443131
1661 436029603
1308 38601980
1573 753298057
1283 104225832
410 607747193
1666 340757708
824 343173073
1046 652098199
583 507788133
1844 754195337
334 644030183
55 130157163
789 798591389
426 781206946
272 102978402
747 768261408
1874 69703566
1904 319118994
706 443132913
1396 341445058
1900 486533331
448 105736061
1377 890715629
1144 361251256
1909 208915321
266 4958176
1670 9078008
758 357460089
1015 371152052
1880 61312184
1112 753781746
1750 98982447
1094 785967298
192 860317949
211 365636336
605 18252435
1819 760172822
804 93519591
1365 823883864
1238 476853618
925 736482127
141 359671675
1025 427618371
709 431636668
247 123569600
330 204710358
37 825194466
1764 15573041
250 430250448
505 159132701
586 198456211
1643 277176764
103 609818865
1386 134521257
1726 332531312
23 853358121
1363 520387507
1914 532037053
1921 339952167
1255 285278470
527 294419696
625 526647575
1427 237515833
614 233548851
1522 366021594
728 664242400
653 889578402
132 689583499
1329 384932467
1173 703831413
1032 143975546
612 603674193
1816 364985799
80 169003696
1681 252265644
547 698401941
635 890568188
1683 636610246
465 727689291
563 346556977
669 369072387
1543 565875326
1813 159102079
902 352272941
1382 712323678
1200 60335922
805 588408351
1690 23951812
639 147511498
865 494727751
1643 870929969
682 495925771
1374 593276987
277 142553719
881 115140481
1850 134550296
910 210846165
868 380878772
497 871945783
5 803942513
1241 724765254
1824 537284162
710 617561533
1158 257083673
1496 316658829
1540 45931762
1312 215593385
1016 328708504
416 77827446
212 43509379
1075 760085885
722 548582104
886 343307711
1462 139117385
530 126057041
575 688256407
736 405122277
1896 455271415
1355 841822254
1063 127638229
1411 734206145
153 689210186
1295 738962423
1456 366362207
804 853206146
1185 121898021
760 373382276
1467 465196017
546 822691771
361 170117351
736 377702626
815 249751554
592 625767117
713 583965888
1922 180085515
983 204627078
182 823887520
425 558710110
1841 803520011
1838 636270315
826 462819095
1490 564718219
1740 471200577
519 526061123
891 128707593
203 731176673
1527 392538720
168 651395798
551 563192845
1742 670449804
123 117454567
1291 254870959
371 399740800
1352 499754988
129 29960847
34 337913694
378 583124112
13 807919353
549 181319328
473 173905149
872 494152592
687 724151525
1875 289053930
610 850002491
1853 747772744
836 434910678
886 223639305
127 734325190
102 524297832
715 362579136
641 768859940
1171 289736662
559 726379429
75 763998926
1713 744278764
334 195830616
1143 449978388
439 669421008
544 539196311
1358 891150046
196 769490413
901 545577441
1803 783124770
553 22807783
718 237441069
1163 300637767
1098 773128687
383 362053740
685 841436286
80 487172490
1279 382451700
366 820504307
720 106571273
1633 880472290
842 881493224
964 317071559
310 727798516
696 562009617
1224 451942695
238 798683622
180 155997085
635 429211487
404 164441693
873 163901692
353 148601946
936 498504164
1659 826699440
1736 442172805
809 309118451
444 69141710
1279 549614770
586 610247809
888 408792608
1645 463072635
437 393912657
234 733210024
749 491638300
1907 190660321
1639 290247010
1738 675298710
1495 178356003
559 815518935
541 534910087
1588 585803261
56 576467945
1267 150927558
1744 557395440
1865 653013368
501 324394765
1381 257425599
970 753184593
251 148537153
1081 862687022
1224 609291011
3 130703492
840 809846487
512 795580106
1524 855735265
313 850155965
1640 241136601
432 310832463
1081 798405556
373 137826536
771 579590585
184 887523145
1673 120001429
256 40245528
1132 772459114
737 844489832
1827 299361814
1057 650634830
456 483666427
27 151297245
954 852940714
178 205239925
684 350388547
1815 273563612
160 843211319
1775 547603422
409 728335712
334 755558257
868 490605901
506 10395116
1694 765031628
1904 184974965
1683 885152817
487 769626748
1488 674734363
1916 404365942
1673 480905320
934 95661383
592 149415799
272 21948259
1617 853382552
255 399231652
1577 358701412
886 352792352
154 843958969
1177 65188558
1534 526481452
806 270322980
29 563574911
770 272152517
1926 185824142
1311 406327125
81 229982770
1277 176677896
1167 764888776
1514 502027707
70 341518481
743 863681379
1539 858119400
201 796981310
1922 56849385
1234 53394282
1745 348268525
52 151625187
1076 73641271
1383 644842823
436 528036376
434 50803938
432 129427156
422 664367947
1486 564564460
1576 870201732
60 802225656
1216 884776720
769 242670183
1263 857794921
871 784197738
695 180242532
221 361222277
1331 411630815
1540 360730559
1298 239875493
1132 805628948
476 815074338
378 226769698
672 729843766
288 541025777
116 440800828
1360 422298649
1510 694952795
1024 823521922
121 448431712
871 427885632
735 122939704
499 102527447
341 388546034
206 864142342
1889 704709643
1058 153139833
563 660516837
1927 185458692
821 516259471
660 135228728
155 239889515
110 486684862
1711 119651220
1762 83568037
1434 408383640
1628 255849910
560 418478290
1761 529641581
570 193749474
1502 707999500
690 612377510
1265 835462428
1681 879645254
348 720019367
865 756687428
896 711994505
92 836561619
696 256147011
1815 825547514
845 24626151
151 347257349
1802 235931827
1158 548344700
301 300314811
1556 368181619
805 159600232
270 806938782
162 215483406
946 285693812
1418 713485813
1887 716870132
1710 256174615
531 219162570
736 160097405
1361 125222310
411 885416281
1604 162907622
84 191235365
685 74882920
191 437135270
1613 148451121
1076 131879988
831 818722159
1275 491811844
699 739455561
1928 153934190
399 622506115
1842 371931294
61 868774152
407 295819930
340 379527081
1701 558904948
1037 754269191
520 605149183
1764 332264663
1628 341244708
799 10501089
1091 741140426
270 852490322
845 750651332
732 148571198
707 162162855
1601 375335655
1185 336233887
1537 708401220
843 686759541
150 837639466
37 441461735
1676 24508544
1051 741131409
1301 744821203
101 119382733
1488 342117549
1187 855376603
851 213326001
885 332847255
1330 599591105
1534 272973815
257 81562877
819 423804535
1293 307618126
1828 448126616
1392 810563792
203 455465103
1561 875344138
33 53459083
771 883789657
1530 837374464
142 216706917
763 760835131
19 716489672
607 245964454
1717 254235172
572 869826605
1290 51833364
769 846910048
1761 179478427
1046 614297989
598 322808464
31 314633890
1501 186736173
191 476307761
692 260071238
1682 896306603
564 12180310
1637 97640063
1242 459449813
97 25967416
104 704659226
1067 395790037
292 269584692
504 390239941
160 636207086
1134 119443779
1799 890324116
1026 867694573
520 18922632
273 14825032
774 596341601
607 869148056
408 533348318
1295 642196169
388 605481368
1584 774112990
577 464244164
10 452322921
718 798044005
845 369984150
1400 60156216
1355 539781177
1528 851216587
1705 709195043
378 809830243
297 339813325
1776 443115114
1119 721435429
1614 171820105
431 727202917
108 222660221
1617 198578589
1531 289930633
1065 403350129
1784 333516667
503 666357636
350 664307706
702 864895767
1868 774727079
845 24303977
775 469811520
1190 690157517
688 326742048
793 249797107
880 635121335
138 51714281
532 785559096
432 635715778
1927 822820531
581 344877848
295 846698622
1914 361346008
156 213193569
331 437201448
482 614256008
835 493413246
1638 564047992
199 279317105
1222 148335405
1005 192703139
1294 1882684
432 766890868
764 69337144
1891 687793708
1279 700337746
1745 848378946
999 773913703
1580 716896479
1415 398522347
1441 465409755
474 675680189
1470 555076337
1842 369761425
1922 404520315
1533 286947144
1426 715461731
1340 527094406
1566 741097387
117 656810572
1270 111548760
653 749211082
447 378154435
1712 829369174
1200 653798455
27 510344875
1892 681574368
820 862504925
881 337473113
422 653082409
1762 121522932
743 605503749
1879 503775976
1490 384255901
1700 357896408
616 297223592
1883 93114470
749 316495755
781 448428258
1081 514641388
1899 252834552
1490 891421164
1724 377560446
457 283202143
335 116435425
1561 6638869
364 446573959
1795 328895494
1066 301809692
302 729716005
1238 8016435
1228 202527863
1394 147382081
625 128604788
1028 826907683
1808 265090154
202 541238325
692 9543356
1242 461436707
877 469996269
589 224681174
499 431129603
1106 879279478
144 806246364
615 500800547
169 52732623
1210 641912852
389 227331190
1436 264722585
796 502860872
890 318312953
1475 427959890
1683 52790511
1150 272146549
1793 461612614
1050 54948869
1818 266719775
804 373914370
610 658091729
242 416643022
1374 529474261
1045 504804787
921 619272517
702 469462586
1427 430930881
1724 502340791
201 506980164
118 547143457
1148 354117638
75 356156635
985 355587620
1768 64405665
1554 386376656
1702 694005305
215 757554157
754 493432686
1126 759649970
570 786075583
670 59211185
1600 877855301
330 260417290
1862 611909721
1271 755192033
287 890792582
929 718084776
127 773286350
1572 477208007
377 523219771
505 774649709
1383 214574596
20 615667477
1807 684328155
816 871699123
1248 475506050
1668 528487585
1576 204000609
1260 267015973
283 402890990
342 600438480
718 488327050
1331 606898901
1573 56134557
1646 570312403
63 861726745
1296 782628959
88 117743393
497 494141313
867 214583918
921 44687784
1649 807451120
1665 478564888
1257 9095849
315 322014499
1188 742084419
449 845234718
442 109201692
1437 168095817
1881 99857637
415 45140661
545 250641217
165 179411473
59 579181994
1397 120206795
1279 310968689
593 704672236
1885 245898511
161 333750605
1360 538577083
353 203033120
1360 441271373
659 872796418
214 679922723
359 11552961
1887 266642936
1581 385492150
805 144064312
557 619134385
242 454030376
1113 719626748
1196 818396088
239 600579655
1050 653058626
347 448189185
1921 182746005
626 339979290
88 755237228
1428 597260006
1426 875280954
969 537597121
1734 352928759
932 274162951
478 51647513
1786 846085242
110 611285012
205 614032000
496 623896836
1736 816730209
638 611584789
1429 313914396
408 731519605
1021 672124977
693 298476455
1535 478157503
528 254584909
1445 342773190
53 600647387
1450 661062787
1608 73558539
879 478261331
8 413458228
1208 386287320
502 261008595
444 731607904
30 398481216
1033 893029435
1135 663443085
963 121528375
969 767113828
1465 376437948
1646 316942377
758 620341246
1491 600929893
1281 749987394
1744 39197987
1118 153862206
916 796084426
1764 367365886
482 761534900
1892 621227219
1512 768903623
1578 780554189
623 56922534
719 516202749
824 857721107
220 401595216
781 551897831
490 500804375
983 37449790
623 463906343
746 277223567
856 880064283
604 525962122
1263 155174647
717 820109542
1811 113549012
1556 335383774
1359 193477451
568 871048636
967 633006680
244 395649271
157 441866124
1047 151180268
1376 368872030
132 435648756
188 321179474
628 730695637
308 55330211
1162 296817962
1770 594585328
1190 611086928
850 569467027
1223 414723285
949 828779997
725 2347883
111 302578810
1002 862354563
12 223574379
797 497059541
1838 30046730
612 663812099
1267 623110757
118 391812607
917 534624077
170 319691742
1481 182449694
642 724580432
1118 148732121
1828 483147381
240 883142086
1456 571191067
163 637892761
228 45355652
548 410411848
1703 21921814
46 877571685
1891 502386596
1304 896804274
435 60736580
905 54721660
532 869265601
1595 200472531
43 22236736
1928 554141697
1923 180933992
101 354701804
1775 789216784
1625 221730826
422 792909033
1888 226393629
819 93703962
1153 729465336
1675 706649922
720 455993731
1620 844176888
832 559281813
755 508043862
1922 100487080
545 41131318
229 5948713
1303 292136166
430 379261533
346 835592517
1403 611702857
362 477968972
332 68773937
1005 557817725
1618 485091442
1263 634159521
436 506455037
949 134781817
1122 832716237
1232 272581511
1746 388975194
1007 150355125
972 32405468
833 106817031
278 68083479
991 547340967
1214 704362024
619 282948537
360 28056169
1589 45891223
363 524951545
775 157869071
1523 497855031
1186 701436763
1144 136961622
326 585380153
1486 463012751
1313 344739943
1852 844479872
860 347399347
930 80613326
1112 596820635
867 99289209
763 670318127
1764 157045317
747 856240797
1802 113138988
1239 42298333
1346 62234515
668 249960254
78 252789902
1066 234005988
1868 561544977
1614 739972098
1062 899053643
776 162327192
159 326410728
1636 254284027
1704 627692086
1344 137252450
317 393901713
1073 463931434
27 767634968
1163 282881269
1806 71248351
982 869077981
205 154557331
771 864481184
345 429454494
1116 283181224
699 784253421
1305 643127952
1691 177744932
139 274332858
1859 781045845
791 651702648
377 138148378
1239 258031646
1126 791264169
1735 700631920
168 173838449
1480 769290684
803 92199295
1905 527312516
1315 843428552
1246 296374039
576 41094719
1066 75928080
578 262035864
14 660347702
282 794070332
243 52565704
833 292019192
821 683551163
1752 650529686
507 303770607
1127 667636322
1027 326296583
1413 537313333
902 193113466
1088 130422522
1415 170399257
1050 408348847
1682 173994188
1406 213632012
455 240751042
395 514632334
1680 124123994
819 583574947
1784 711173816
83 643363312
1398 15181
101 420034686
657 519354371
1638 865587549
1492 348472765
1203 504095765
1332 783938182
1637 115577735
88 881007806
1379 598052034
1153 88689800
591 853469685
1243 723933793
382 839309572
344 2828504
548 460604307
584 277232151
209 661588588
249 19518793
61 647274144
1868 552362270
348 654057322
995 640356207
1277 162871786
580 897516057
1177 862257859
1692 506611679
1544 663341710
1272 204851078
1884 763862191
835 290716184
68 775593929
847 804617671
1173 357792262
1351 134215100
1275 425099366
713 558753262
1829 555476595
1339 856139088
816 579406761
1618 102341098
1231 510580803
1711 778145510
844 650132927
524 454217845
1046 36902632
1232 852700653
1317 527211925
1079 307688929
1212 624884633
764 317206331
1714 404143605
1885 357635792
784 508101182
778 34253092
343 593470291
1910 579578612
1392 228524360
322 415769872
1413 120418407
1361 313451904
1191 898451122
942 283494415
517 425831167
1619 204654323
1263 478910940
513 890591399
180 267339655
1458 119847350
1337 199263954
547 384734952
1916 427237103
918 126890269
1896 278332714
1481 364755873
471 360147205
703 594148636
1916 368612654
902 501719987
79 851101982
161 592219253
1397 837608085
1118 452532966
726 335819441
1236 63167020
244 108679653
1444 296316518
1815 812033229
1186 265437570
951 772074152
1900 301974457
1101 133396881
1875 644885375
41 151270651
1653 77791297
1327 535615692
1397 868974918
997 730689459
603 190862589
28 581064198
360 656332643
1455 277101139
1033 117190039
485 699129650
1404 826003752
1693 752331971
1583 379565630
1859 29523128
214 346740944
687 812244816
180 30595836
1532 315795263
1573 749183603
946 167641183
710 875253373
234 876160222
1083 83316516
1616 162119331
796 50235272
380 393601293
996 446191207
248 544726240
1793 105147993
395 182071958
1684 771448777
1795 135604525
833 599897568
1882 821296461
1306 836077582
541 247369810
281 738412112
631 70876285
1383 327460540
1495 863066088
284 726446729
1454 141268136
1745 669573179
1044 452655194
1655 392482829
533 576849869
675 187394974
954 160248896
54 544673145
698 879071370
1012 294679690
1123 224788744
1560 738392751
936 496565599
130 681750516
1439 437162032
1355 780684888
1025 579490571
1588 73507687
1625 877980659
919 39173788
51 71298721
726 368611073
1777 617228298
67 620371362
1307 770132209
1021 231739124
855 204306861
856 95553088
477 795523353
610 601874297
861 289606497
1559 229985975
673 336309632
334 21598931
744 502093814
348 316140733
1391 45727132
1629 513409843
1682 323923891
771 380560759
1143 532263352
1555 9913852
1716 714280541
1326 670319896
1301 105777483
1638 439060644
1258 54260676
474 548171796
104 370144260
1154 571563945
1503 482590256
1137 596718824
1735 174628741
679 21373108
92 649973728
1341 704688153
1376 182630981
395 550965322
160 468378612
1057 748904920
912 536627166
1778 279354674
1534 185356499
1862 552245689
1411 653363238
651 497707815
549 263576893
1575 514695594
45 104921747
775 708135136
329 845722036
1422 694199727
1577 212595893
734 456973928
676 530755533
1236 549326902
1159 429620573
1185 612487529
692 463897238
1215 349780137
1182 618803060
1616 65676901
1047 723598614
637 241995161
335 889384450
832 364195932
1063 351637454
491 473086257
1195 174159263
1560 378389377
336 486125638
914 727015058
574 230354493
507 195290896
1735 826724605
831 341290709
3 833182025
101 416279019
113 724257764
145 430098076
19 249554916
1557 22584790
1695 522268891
1668 887663734
92 57506972
483 103212136
1818 598618346
93 333003083
884 246483720
1696 721025408
662 551980116
1853 261939161
816 293935057
987 710296233
1065 385679033
1658 868365575
1167 158988733
1627 800795765
663 816233642
1549 843269217
358 813756754
411 682898811
298 258931667
1664 700397308
747 260349384
915 418070173
1599 348390006
1177 19560744
709 15802890
96 394687792
1015 265539423
1622 424854458
857 288140605
1351 689954848
311 664605588
1915 765328697
43 595970118
1873 229992901
1808 206332466
138 534949227
478 608449302
68 337705089
468 56397616
134 472998809
62 495092768
403 41431945
233 593112710
1519 246988704
1202 211581303
346 638407649
545 698070854
278 136217475
562 447907050
749 394768393
90 894133682
30 370598022
1242 759750873
208 110892441
523 540801781
1079 821608747
101 394511520
1858 297719023
396 317740701
810 365080713
144 489676302
857 25841035
737 222116545
819 833074265
613 365403867
1719 392283624
976 682736940
936 231872981
1882 239301123
321 824328583
1230 346525813
93 179958734
133 485287340
252 631427586
1670 310857558
802 558116076
1679 58268560
987 60602902
1639 657696065
289 117429967
1862 438125425
525 737521244
324 438506271
1831 198326925
772 231544154
287 309375910
341 221209530
1352 46781596
189 539813398
517 132297835
19 685903178
1701 385871040
742 410334970
1883 194331669
555 159529130
1913 48766976
817 542744339
48 387728454
1489 31983204
202 796113648
241 823667070
342 59467496
1294 57709936
1644 181637287
1906 293823579
1832 321196211
1927 185338330
320 715875997
291 769021267
1547 280719571
330 695232934
914 329233213
1286 783504533
315 66123750
1088 93429060
1823 365178585
1480 596924279
690 23408580
1016 600404665
1924 682859257
376 530954803
12 756120631
792 64078370
1028 567208041
1729 130663318
1394 758986405
26 693452301
522 207440968
214 392678337
1179 685736321
940 871765291
232 779535382
1485 108627097
102 416465106
1346 469735139
851 138761718
982 823454020
1191 350677838
1814 645136718
652 391140086
795 449094822
507 713145961
1930 6163116
169 326189887
1515 121102792
820 259230396
415 292819791
1609 809569558
1293 669346841
620 817854613
232 861679263
249 178439532
1494 574424624
896 248338291
641 503260071
344 368696080
1808 521653912
240 75932153
66 386310327
426 376454698
312 4641628
612 742707301
1060 479366676
433 552395433
954 872848937
1929 490987493
1746 234717487
1021 82255163
1218 787521335
504 12644184
364 243150327
850 234847471
220 147979429
1172 195331610
603 839124159
230 892504893
909 607176199
1303 218134961
774 324985945
774 795061362
1459 539374358
159 582319355
1509 6746190
1232 863046609
1612 360198935
711 817442261
634 7102604
81 102162040
1342 863650345
1033 519068283
883 378816517
127 808103866
1032 3578721
1800 282257895
470 710393077
1251 108794729
506 565996336
97 683696240
1628 525848958
1132 739003790
1161 454210636
58 243328290
389 483259473
1272 284815102
1138 341618806
1742 748730601
1328 637155515
384 802006328
225 514582702
679 664886468
536 526277321
1169 96260910
463 687458276
825 694383071
1360 813834060
1308 613494587
753 526705527
1254 354768986
384 891524750
417 741845888
876 21136536
247 486490460
22 657788476
442 710211613
1338 13007493
1238 626387717
1692 323102065
1773 511940317
1751 248205245
1670 315732961
1455 286694675
1909 204980519
1061 249770477
1816 685713274
570 762265569
1048 564544885
749 493127466
1346 189180544
933 554054743
1357 661817971
1008 362013893
856 284964682
619 455741074
1904 408124128
778 718315842
963 2072141
1777 833121257
1307 131731352
358 824937549
746 338345206
919 818390891
29 119550929
245 487406705
1132 683899854
634 209250900
846 350509056
84 220681844
45 338214933
141 644823623
261 329583152
1320 27282630
300 408482398
1550 511714562
1854 874674370
1196 308513072
499 234630381
555 833650620
379 519925918
993 325928000
705 587290729
621 622216599
1735 284659654
455 890223464
1033 429935245
1210 710145210
1340 699966902
1082 506889673
489 465922741
1255 437527733
674 525498712
78 583188578
1047 683018327
1298 74499507
1478 622388776
1548 440188453
1637 762474485
36 543950762
394 116565384
464 773787321
1797 307818927
91 861192483
1318 892466146
1801 638713769
1273 710163470
700 568722522
1200 815703648
281 200209528
1602 29751407
365 246546450
1065 593475840
1885 627597920
1456 136790364
1169 308154482
1229 430410965
1625 766894324
985 720506583
1084 698739238
1744 135471969
1042 750451559
1037 733626755
1752 321145244
1000 491347355
1200 460914890
1722 253712856
662 515250393
1828 645166256
225 125892243
1508 772601119
1521 246518400
736 254000575
542 765269887
1765 51852885
554 829776023
856 166563159
994 149579346
1521 150432800
150 298861771
289 397014500
801 89292948
401 427564849
266 595931005
665 576216292
1170 1656356
283 64404135
1218 571941500
1160 268704743
1731 271381385
1171 767012346
985 171441174
583 105662133
237 422236582
1602 13974416
1531 119918252
1802 805500657
782 515889252
716 543616155
104 151038066
1579 58559019
324 7595475
1557 635304917
652 80310930
148 712414331
244 457938693
164 236532481
1534 553609109
1463 269861487
1084 533413018
720 872493578
1206 69694765
1747 741958135
1672 327403696
856 252991930
150 654375125
62 136412134
649 8884070
408 194860029
267 871504470
562 597152076
79 843092920
664 114059615
1870 305270447
1573 274537303
1198 207932302
769 287102016
722 428193315
1516 226576051
935 315299093
1678 595837860
936 770160077
1892 209491599
1142 86870223
1273 256377958
782 35740297
71 380333285
169 78039850
1802 110172500
468 38332779
742 93562986
761 143844827
1635 867306905
1801 129300412
158 272322878
1786 736810868
48 873450693
388 616863867
25 774821759
802 562424972
1253 246017476
1038 33608125
331 51091969
1840 646367246
260 50019669
1597 41086897
584 154447196
86 802248994
213 840167338
673 651595314
1924 838320953
620 319153876
1360 529846332
775 97186576
1197 388633349
752 599595556
1100 666751196
1908 783040621
506 473949861
448 573655747
1287 833095819
52 442234796
981 827203899
1847 775260453
1759 772656356
1841 153390829
342 191043722
1907 728954463
1002 274786500
1905 444925500
307 109415241
594 213903733
1873 277350010
967 712135797
498 677545443
1229 312498066
1065 751115644
1853 480103062
1093 166659319
491 65744409
1906 427541995
1359 90897533
157 741552007
616 640856428
961 278043992
1671 197905150
907 796781549
91 347847670
107 573067524
414 161328762
1577 237458139
859 699261405
1272 884270488
826 4867036
1697 191341476
1811 807140526
648 551335791
1543 699118493
93 392798274
670 356099165
1288 394612293
964 479715947
1918 512748862
1636 90400695
1246 856153416
479 820256123
413 877801145
713 359818832
476 814671316
788 200333834
1923 435289659
1915 416296193
1528 805845845
1250 881328595
1146 20031784
711 753285485
444 419000217
331 655007184
383 769522346
1331 412845483
508 358544795
1313 17270786
353 726182759
1176 675154256
1824 677885889
517 512844576
359 630522580
1768 81365301
495 311005547
1217 824890782
1128 583086389
1532 496792289
1527 268391974
1800 609111408
1821 771370273
293 265637682
1181 624085792
1690 67798416
156 224916954
13 848099715
281 333823728
1098 307836313
415 694108295
722 676065119
1303 509694922
1090 430729147
1323 525123153
1507 420691593
890 800349463
271 315876044
1516 839938454
448 332088001
212 763546334
1226 198668483
566 175174563
1722 88805786
1609 163625000
1792 263108694
615 288279670
221 399328486
439 487907894
653 303717673
347 859347732
903 294733397
471 362158285
960 188374545
1021 806372500
1470 346124392
750 438716620
1673 559868663
1221 748387120
1204 614971328
847 238415075
387 672368922
882 669072407
288 807842952
677 458328070
388 58449932
1468 249340593
1738 417809257
91 648036090
1492 130028413
850 397365719
732 790398315
1257 303300859
1713 817483393
873 667334077
1578 391275389
77 868065525
472 861272686
650 542265163
20 768973087
1200 440415707
542 78992154
601 164030170
1764 564146283
1038 97057194
1337 423728310
282 76117698
710 718312245
440 217545154
270 47874331
607 207423482
303 854728605
1685 589489711
1682 630210681
379 771258012
568 489522493
499 221865612
1135 576004683
337 499363590
1189 717570489
1917 44028803
1335 297367758
153 360720943
1894 278181655
1915 179755164
649 672519683
1504 601441888
674 461403689
1580 416953241
1822 655419538
1379 613200179
870 833546970
1082 413632693
1416 700043664
489 541856032
575 864376912
455 622719480
151 272124937
1045 101032914
597 836861383
848 768849610
839 11546365
179 362253555
1449 626704243
1155 870330447
985 426882359
786 99521126
1801 259921242
1892 246905798
953 3736284
821 591204835
1256 153075314
742 382246087
1159 810481030
1214 107046207
855 828047320
652 686025413
1007 642360177
1545 456600433
971 287110141
1376 563590509
1597 615646041
1736 139622413
1128 673034362
1545 356261605
1665 505951757
222 512381085
1421 781763578
424 261656621
624 870295645
832 409267097
1251 220017265
1459 237658220
450 696810611
1174 785470416
1047 333159731
1300 582899835
1924 501573382
673 895454850
1136 111683024
1080 624441698
540 167131180
1923 171488553
367 106332498
610 196125744
1304 538196067
1041 351732719
1349 602681825
1926 551943046
1786 727680532
569 365680444
198 703107338
417 643527246
1794 762491627
1260 719520429
810 429777295
1447 587141422
868 481440692
772 432375228
273 363606859
715 865408559
294 806259799
788 288070680
1750 82843953
794 641431721
985 272838529
1915 227047567
185 20669959
376 74479571
1445 22982677
492 364403102
465 773083494
490 644856141
1161 665431349
1021 55573915
142 117087758
1530 354595425
1035 173132231
191 603734463
882 606579974
1113 210260639
1882 420346993
1020 597572502
1369 108790688
1289 20291025
501 562945149
962 30105653
1669 298098341
974 290336216
1022 439127997
260 701813993
774 24639601
136 510519217
821 347995833
1601 843178077
666 206957668
1506 648390878
169 132341886
484 741075854
1628 62036128
1334 119705887
1205 392406212
1902 502628554
206 591299555
1804 301593305
320 619863990
1770 419064
1646 2118918
1216 548106038
1594 849646614
486 354843543
1336 249451303
531 11826463
283 35872434
1679 874678544
259 830739023
198 369887769
1905 777374720
831 395492542
1782 616105356
995 698476676
619 587536663
490 315934501
932 455773720
307 795043396
126 115723692
1107 807529004
996 420703176
1476 39718814
1034 364635800
536 231650706
1011 191029754
113 492716420
88 844102243
266 737983088
1907 624265867
1153 855933139
1338 724426857
1391 894269173
514 307203059
615 359594244
637 143298666
1318 701038169
1591 792704057
605 510186437
1117 225442627
1526 76389830
611 508425887
193 55041486
563 500848993
1423 794799739
67 238644737
796 806917616
1107 839949183
1171 132964266
