1626 2000
1438 501627804
724 312073865
705 165786399
680 811659966
1030 522255735
470 693991176
1062 378690602
1553 813105578
1357 675826664
1589 106686914
714 166253409
1268 448297002
1136 139888712
1144 626381161
439 633990158
993 426716170
883 852243547
391 798238057
698 402378248
495 632313583
515 55038346
1206 411196950
786 702099825
104 748954440
330 131106030
1330 138380821
693 49978258
1064 819246400
354 871770618
1476 793835161
458 540347367
1594 798995418
867 25088839
887 841912978
245 313586048
18 635513677
872 234295536
726 617498400
1367 236017676
323 276972733
93 163208372
394 371619724
1339 567993445
1140 325452068
376 662856186
1042 461482644
1143 22107367
526 84648281
979 769283143
435 446337496
1199 411804749
1544 682097976
789 745215085
1218 585979093
1199 117450359
1159 91140047
1138 576915640
398 658479880
728 546703721
1076 446758088
3 677620329
633 245848359
540 87536289
1241 25200751
365 12259125
780 673985961
1166 785258590
670 877172607
1463 196891569
934 283601470
266 110995735
174 285901628
955 482148599
1378 509029280
293 32915267
616 169058050
430 504723912
180 38081386
1411 459232954
1425 369082815
1000 780161532
1600 882852705
979 458862073
1538 585978433
1452 400630340
1353 36212667
496 700840038
37 264805426
376 409870612
513 885295738
581 429494305
1536 266928727
1349 241272391
437 135166898
574 423173801
1608 709068799
1532 419785525
1305 300755176
70 268723449
108 676090989
1286 873005350
282 744566159
1430 632073008
643 188369958
449 171912427
1165 833803441
1329 189471438
148 115436143
96 540267011
1543 320542819
942 116771457
542 583819536
1534 366896159
909 418313144
274 382037445
1461 784277438
1330 504481656
91 236355973
32 68905516
573 746182842
1021 478887330
264 110567759
264 453498102
905 249633193
91 249307746
865 590127148
576 287814423
371 428154391
820 256680400
271 715290598
1039 183764665
1423 257148900
673 310109704
1238 78879117
830 727512070
1224 200177236
294 881611049
1217 481679988
1540 876875174
1280 659597150
894 75908112
186 93857219
739 557870707
941 577964510
974 511091669
493 480226980
1465 713182430
954 391181624
1096 588604554
609 776547522
449 848258163
692 474957429
36 752893277
1151 687540154
770 387251841
1501 592211703
1216 293794835
482 421783499
965 866497444
190 478958633
619 839088161
11 864291371
1314 819817648
578 147388240
962 633458133
1435 786154556
1211 795556280
293 308054933
147 721820938
501 593476189
380 125582380
1039 128603976
905 198695799
915 730811644
901 166257523
1526 489596953
42 53703260
1176 483078335
400 713245679
1621 760039692
947 524479546
721 630072870
487 658793466
560 622273658
321 416036477
32 25777304
1088 412686563
1206 193961081
1414 686055921
1027 589298759
1021 585943418
1011 836313690
1612 553622454
378 282141021
747 33590853
886 455871590
379 94141915
824 491598865
1456 637816614
366 541087278
958 713933605
636 897054720
316 382750059
924 289366866
440 403730808
91 710755595
824 406987702
1480 520212243
1548 670659192
1580 653733875
1234 708294232
460 617725592
392 828964284
613 559651399
863 376135530
343 276150991
8 847010881
935 368879828
721 130661121
1540 522383204
1024 894030126
1154 778207800
1085 652926333
865 449624613
1050 400483451
978 341099648
379 852529453
659 749830319
1024 170463530
923 849629852
12 338379049
1345 164828289
878 695058701
1 887256555
367 636388632
317 519629889
792 734283533
599 701035963
195 66914328
1278 867511081
885 113975533
768 296221195
1125 53373981
1558 550104846
929 173562620
630 652840544
965 137643160
458 755143042
736 443348640
747 329739421
731 335614642
713 646546043
243 838364184
673 596585033
1040 396744145
358 112114415
1527 832409619
123 540433782
138 148724982
638 297872684
1218 265528430
291 293607873
109 451946281
1625 748379579
1345 404428466
396 576437779
1461 561152232
1023 294704373
1407 487351012
218 694460023
19 761197614
1124 117290032
93 116650488
386 606057767
428 149969159
737 414810452
165 246166921
137 34703925
312 109608989
1441 492235875
443 749544437
46 210220851
1133 602389868
504 793128663
1291 55239187
1585 347503657
825 706752945
1072 439202553
1214 133978506
549 265518643
1291 193754983
913 67085117
1533 457329044
1302 440191760
864 43035062
77 531495179
127 52873749
444 757826277
496 299400599
892 146858436
166 247570627
1373 68129856
1241 168422581
362 361667847
1243 189461177
377 323799077
716 412230382
360 766730637
1221 593929479
1026 537093671
954 812826468
982 524407639
337 103179945
1288 296136657
884 467929012
433 718326257
447 160233494
232 595295963
1248 163345919
1574 158619648
378 896538597
296 737586617
1204 185099622
827 233204615
468 223646792
47 86587900
670 73978216
484 457951925
1548 728123029
1112 173701974
899 234781774
607 184806172
1001 761974105
1362 93743044
741 379331012
930 758603787
1597 524990826
914 447206777
1482 450561895
861 405442739
601 496417750
1178 312568421
629 448024445
439 338055834
1047 672307741
756 811381772
347 669153361
145 384880931
829 360247897
611 518183830
268 639380820
1225 777706844
1547 67727673
1235 49459890
931 4109509
1239 109736247
171 90678369
424 758837689
1553 101886485
764 635645443
170 628675740
1135 280480096
542 830155048
27 794866084
640 438972447
606 641379474
1500 530451909
982 677398388
560 824245972
1163 338399130
1443 823269217
1616 859756854
1349 197636994
1208 277031244
1544 591828357
252 589836003
1474 609440552
1235 273118619
267 65842698
1049 684232555
1396 21099901
716 778977147
1097 487456706
754 472792198
342 818224956
237 150325255
559 255612066
260 529497023
198 660947693
103 888303072
250 676262894
856 447592349
1215 246664951
165 462921240
1610 346537108
1128 26631277
997 435055016
1519 61267248
492 821495014
1567 103257121
729 183867382
688 242155627
732 727918433
790 262109755
960 152151858
770 698732531
311 571235164
256 617134645
331 445382874
326 385656224
1041 630587236
376 436117820
946 703394618
316 240425578
515 425799565
827 190923618
480 245206251
1039 581532773
920 79548957
513 600715549
606 571313610
174 431886642
652 133862752
1197 892159755
148 539075430
1454 379756629
389 328945294
160 802503212
1158 789854844
226 760061617
1509 496378420
1378 643943356
171 5360618
297 500397141
1328 219233669
693 761972758
1155 570912095
1475 822697942
699 109998912
47 846693152
793 673351285
387 808342707
364 601014070
114 453660084
1438 603352906
401 392100577
839 679491802
389 128626338
419 876076159
1482 487566005
1227 180693461
1391 27751418
405 782358947
924 671979627
721 881553759
733 510641347
784 158951445
1147 858594652
866 486494846
1373 508174994
458 725109516
874 807300823
384 594238487
1422 810574347
606 440974978
1071 331403589
1127 287320278
777 733352515
1022 811244004
18 882121462
1501 58590776
149 397713284
1115 245198198
914 670629685
489 4996885
460 114056647
1202 816500879
89 786190087
376 314819271
1545 667349087
1124 244058591
727 322493184
1212 827739921
1093 206654441
1186 306258651
1163 211983141
17 408341662
207 599183515
1046 70319716
623 383496082
1330 120949981
1277 818657523
797 527158523
1520 697082862
996 165775685
86 446953545
424 751612247
1566 890947322
1584 665670921
553 795482133
452 675359829
340 376312069
604 258182506
1545 867315811
644 495093872
484 778952431
326 92155061
1576 186859657
1195 178375941
1074 807194408
619 877826235
459 449955955
592 721395333
102 152497522
398 853900142
103 745557705
1378 681192070
263 268712054
48 851407665
1479 425002235
53 718406674
855 215346472
978 157422461
322 624443776
561 616469475
1576 878259757
1125 179613855
1122 807989498
404 840286853
638 168867266
1123 506127855
1094 131788068
1614 800018498
297 573380830
1063 22824300
1294 664693118
491 396129607
44 342169351
96 793699763
12 208111477
875 654302467
505 149101273
1150 622897583
201 856588437
205 792562085
1322 457177908
1010 176826285
1167 621750604
1430 588756282
461 5321632
228 137014104
953 610082127
697 489300317
240 127039232
862 321155311
1617 462155158
861 419255876
60 610120825
582 771450188
13 784707261
552 339695983
1099 68418465
642 108429210
71 795552050
463 766738061
1032 462382415
1531 10690232
236 456861649
478 372954354
1273 763477006
1146 752817880
1054 222332991
788 603610800
1301 386750827
1410 33071167
1102 736243
59 403637957
93 673397373
936 543234668
45 1398456
141 708814014
84 366193996
429 334156801
1387 771377847
1239 508283236
955 210053730
682 193115923
243 564745926
1556 629755452
1142 622053475
773 589175415
1358 776076694
334 888536984
1152 880364239
678 50280150
1353 262552991
602 237872589
1076 816139674
1360 456651139
1360 465958479
397 246867798
893 783255319
414 299577607
634 603816462
1195 444549000
1313 355652784
1575 377004281
37 678133952
449 371258926
1242 239394808
1502 265945440
202 185742045
1327 47412780
1040 20844282
712 185605941
1302 717530498
180 554060302
1539 802804443
397 524656170
664 145212716
1405 720580125
1442 194933979
861 254261058
220 300592641
1092 848227055
1279 417880946
1028 266040436
948 825756079
674 14390599
1596 149493311
1557 320227455
187 664598911
459 575187749
920 564645857
225 335724570
676 228580073
873 381486541
177 412913454
1148 892094898
1122 500832745
1424 888717026
1505 691788073
605 892937233
1215 723659124
2 393470612
1027 532112368
163 752761017
909 662889622
1218 7045771
224 614845650
648 884004447
607 412557970
6 857454357
180 198841714
569 800119873
1105 575362664
231 421249257
1613 257651126
191 773468852
452 678448631
103 297573093
878 573312745
110 383478387
119 35324809
581 737146672
1052 745666221
1215 782932982
510 836771276
850 767927198
159 874491785
1063 229268589
360 336537559
122 778206794
919 81459816
56 210558911
402 771957819
1596 661644294
627 101110045
901 85429080
419 400579868
326 44063778
1350 121629418
887 192562450
868 644804263
104 503244416
911 58516470
1299 600491276
294 330752960
1043 526938056
1076 298381795
1341 187017672
1618 6052393
1562 645320192
32 102167343
640 846812306
584 657314336
334 381643321
371 586765661
63 842255311
314 689490182
1089 892857102
551 26424745
125 515095341
1533 461330458
1133 48348361
1421 177902227
379 185282268
930 215209752
1412 773773455
180 426688946
1083 423140216
516 118625156
1238 428639651
904 710682071
1452 630850589
1150 254667300
1333 3946197
1096 550670397
1318 248471644
945 629272101
409 320979721
167 126830348
1190 735451110
620 5462090
615 275403145
979 881036759
387 719352351
1349 819244043
556 110977465
579 713818753
975 456767507
597 571396915
719 59615590
1126 274445488
788 401633420
708 880291000
1156 736075129
1019 883619792
833 389309035
1270 568976297
93 870915961
1477 2485126
11 111007241
31 126935556
6 709566666
1448 843604167
603 639093372
1134 841496737
1369 353425997
564 745658396
351 422014911
906 152947242
1481 802979664
554 286719659
986 15015234
414 39954791
120 250018735
997 481492404
42 108703308
1575 233292302
28 617194965
572 64132994
897 325870871
224 302906081
426 526287312
351 212642317
353 591376136
1438 407764600
565 600788450
996 396019094
46 120033350
1145 724092201
940 131642750
1319 843427053
11 577786352
906 63317142
1521 506426655
127 374303934
353 43761899
1242 223505507
467 430174159
4 200960883
1075 581353642
62 774972178
525 531276041
785 372717234
873 436266933
1132 430698985
580 635561342
392 644808141
1616 714442344
1195 508031921
1126 760590990
1528 604121346
1259 384563323
77 170592673
1418 556379162
1355 305428723
881 382665144
1243 789523156
1459 861218220
750 796377043
864 627414532
887 502702078
296 871297818
1441 63589915
166 838954805
465 77136720
36 806021206
235 626497346
1520 208939
634 519610352
620 876465826
1534 797105724
1360 805373165
1510 273968965
1328 427055257
554 456713534
110 447405849
131 293348602
398 765115457
1577 575393742
324 43203681
110 321424223
409 805103268
226 272934224
949 147619691
1281 2109275
809 787271559
1538 296414714
676 682503873
531 720738607
311 150310146
1120 822672463
1047 596730936
1547 745955226
261 75314627
372 182314991
727 262200216
609 646476114
719 305927347
611 162209768
1274 153714890
909 691976919
502 336206385
1533 136734452
1179 180583863
1237 52996318
1014 182769094
1057 29984338
1194 74813042
302 846030019
723 786865525
711 587565857
1353 543817960
798 225226230
1268 59075631
1453 177655857
407 760558227
1173 259027642
921 471345726
1241 332258216
700 698248727
1164 650966971
568 822138539
1480 631362868
1249 660689790
67 696889003
399 792368788
20 610473288
33 414370219
90 384998883
1197 845547951
244 106402375
1099 824610970
1366 839848282
843 681280453
776 624134679
677 241751051
1624 356896091
386 271203235
813 40380291
84 850758596
1212 485673696
1082 771045395
541 318474265
641 857760605
1210 182437636
308 890994441
1482 454662949
1049 582244625
161 753791169
23 676975017
58 622443349
1195 857511466
1261 797855851
57 243810588
873 621005438
1000 348137910
35 581913180
1502 301747416
1401 826302882
1027 9128292
1036 542054013
1306 498999890
1283 856849132
909 232394007
254 140756309
974 383340941
1082 560602558
557 375609225
410 632177123
663 183238358
990 453146713
316 594833891
1182 567696068
1272 646089419
763 839138402
304 731227233
1520 326664052
421 630941435
719 557908202
937 887825652
1567 597788320
1490 615668440
1395 286592067
546 811257100
47 574822825
217 414056891
1179 679529250
1067 361963832
148 464067416
1111 842377423
1082 651082580
1615 348853781
861 780105001
1238 155744175
1585 625769896
517 64697261
796 310648546
220 647311614
597 688440371
321 607036936
168 441802370
506 256044971
806 601834201
816 35352398
937 583768040
1561 576774615
547 848440753
1429 790740765
316 362049944
254 601338933
173 16123282
1607 242461029
904 384189707
1552 570814057
699 541565832
324 766220108
148 507202966
335 496936981
211 41115369
208 527286154
1338 873136643
1459 703662191
1541 338022640
1618 136205608
175 712815644
801 628070744
131 792911424
1408 637609388
1143 485114153
1466 590749082
692 202661923
1475 750996919
1587 694000879
1019 775503414
1371 520589050
530 244050973
574 491086916
867 282406435
867 1206546
1101 462181921
1497 762016490
432 241822972
916 14294946
964 752461514
602 810284333
1598 655749956
1463 557095890
559 290094035
549 110299987
493 554196150
1048 189222823
1290 271649666
1479 733177590
714 497504057
747 615247447
646 404756346
1264 69735698
134 803591816
299 512695550
1439 291549550
566 468539087
150 673612093
480 789952842
1357 745666860
1568 76532219
670 149074135
702 842400115
369 865156081
1498 228247187
787 775007433
185 603725442
1414 544138425
663 744409660
725 554658181
334 94248604
1061 823322709
1169 108911206
1553 706267227
641 168101568
1255 853514392
1471 773469856
1587 828583191
471 848058497
946 327227546
72 719153389
1031 525305042
84 236951583
367 812409814
1565 236793010
235 197583652
487 361563044
120 367405073
780 767019256
762 881342924
909 300682421
14 619426034
213 39461316
246 6054506
1000 460753390
552 753227299
783 393253490
53 722988449
320 466245175
785 574930266
1048 692294115
572 711478625
97 50184774
866 628704801
882 846524527
556 562349663
365 198174412
27 20405273
998 735883113
1347 247242011
1191 439024071
501 276572634
1511 503772296
1455 175888009
700 610231645
1422 413969859
1061 486060870
1096 880858698
784 881064169
152 317826804
478 32959257
1131 67811531
458 392212708
1485 41320333
1160 87897891
955 768998589
1529 344174715
710 619701218
1407 51117616
1617 448925158
1086 754191687
645 820911768
666 434211483
1161 732941756
1581 646931513
716 453209622
716 454153134
1169 828375133
1008 237014154
295 716630458
1523 289993549
1311 828741714
857 82362577
144 131864939
1077 751520626
75 12599175
291 111045317
1545 677150373
1296 270028154
1250 138204081
1140 19782126
734 354870290
1035 462439177
1625 1476144
1015 453343087
1601 687746488
74 750089201
387 359118709
542 1628492
655 406493667
35 369306798
353 249682206
1230 452135052
980 823825334
279 155718488
952 57838133
129 24968413
812 830639057
13 299615375
529 358861211
1140 769048724
1622 115562543
370 24380309
984 746965710
428 642176510
154 226325594
1232 79165631
746 490909850
1186 111662520
877 468703993
344 865376506
1147 399266316
573 157732423
309 556097865
1304 788413565
432 156959753
1236 658938975
484 438123342
66 272655887
680 576780440
950 476014567
933 419499096
1227 506999495
849 316777020
962 83387555
837 422492699
1303 19506527
20 85831698
417 78382134
307 349460192
1396 730714091
1309 666473354
1462 419425480
1546 520901207
1053 417378119
638 509743805
143 228723934
1443 859514017
1390 657452730
894 229466890
992 86483611
227 687360963
686 329619190
1249 276689551
1131 19495123
637 113355122
1272 279629365
605 514367910
117 440546431
22 541907605
121 93306330
1183 667029561
938 26590837
944 450578046
1499 562540416
645 78185975
1263 899899194
856 272594873
1026 230761470
922 535959715
527 245117848
73 482041599
70 566045799
51 863103097
1235 778658191
115 334486335
1037 323235463
286 805740960
1180 658359213
350 758942256
75 34521346
1233 545097986
1441 734565419
881 834856615
560 475826368
139 218182486
1098 5864947
1282 893679607
293 223717935
500 805539676
150 696119558
55 176989232
167 508156116
105 689748499
1269 192292751
614 168758892
750 723317919
933 517398887
47 105808582
946 852847484
85 724090338
1463 356595876
904 299926281
42 536800343
532 363467153
243 657924966
1275 169318928
720 19075903
801 377404213
961 323026851
973 438659821
772 438328700
1394 193857125
1113 590570568
1239 878063677
1591 664387376
817 334881526
1131 568427463
595 755831812
925 98894583
295 366488474
1545 365180271
296 153123271
148 543341778
1604 757489413
58 464610381
1385 645428969
1125 409158611
282 823344614
489 358448613
1041 164275258
1566 199627620
839 225148503
1261 639669746
978 465012010
447 843773928
597 130763230
594 575287731
213 713273769
89 632175766
820 491642052
222 714951362
35 228432986
809 728480696
608 656422999
1187 453926599
290 857888356
1566 763521858
403 541351073
675 710400719
170 45804846
486 497172536
1132 151643952
1584 884135298
1455 9030916
221 564041836
1123 70874689
604 840011765
59 237376521
1430 322056839
1080 479866838
73 761669377
88 308264093
1378 180884652
1292 238617602
4 451033565
769 251286387
499 744568924
1582 89302755
1190 380674639
1269 647848940
1595 889658695
1246 460725309
638 791509692
492 839191914
1244 528326838
819 201092958
703 541019472
190 189159836
1025 729144270
1000 342558412
1486 7982405
562 375442792
1571 686783754
851 518390776
1158 34353071
682 625360664
108 268066499
197 394791750
1224 14514708
915 53176858
1282 809303134
992 102789920
961 721853933
48 170255394
1193 383752280
1481 378279790
1324 714420612
881 796569876
494 380357576
1229 78929844
837 517013585
1394 431298592
219 223103125
900 572006648
907 45734845
1211 168834569
7 484135077
1203 25059172
698 736852829
1246 878357792
410 426535749
882 791665512
1512 705571390
220 26839708
869 463298175
885 506340130
617 467985449
336 444150887
682 153145272
965 711228011
680 814445703
731 253329928
769 464663800
1358 328386025
128 761092143
593 803124486
1325 383953098
1490 659698450
919 673012317
1034 271913441
898 470632667
1381 560042498
1133 641731160
1481 106466602
1445 831674710
446 393582608
321 291972122
70 492999510
1305 415981889
355 338424237
1424 460260408
1093 717498245
1469 560802529
1586 717347659
6 844855784
207 582606126
1014 807759779
520 210678721
363 705394169
985 851986523
1485 484727609
1421 59451526
418 2326624
276 151485904
872 319804585
628 819773254
179 62323378
499 701499285
332 674579835
1405 751474315
46 806429884
1427 514908372
1400 770305143
838 514175514
86 574423775
484 135841984
615 304708432
1590 428372746
1376 159443026
378 443797298
1109 809144260
1238 781985738
1421 215676657
1265 389780597
1496 424082899
540 344398277
36 870824723
1434 550365813
687 882322259
58 788995152
1404 809286169
237 26600981
529 34592953
834 497000079
342 359920805
479 79991544
972 787513150
188 568530500
318 453711187
936 859544033
531 123277609
1138 303572920
111 75559586
444 451375610
987 358827050
1163 818967644
1599 126608712
582 67489948
613 800588297
991 680765894
515 258026513
433 317828322
354 881232337
1309 90006484
1610 418564481
976 766122846
223 758873878
916 43612884
230 360812094
949 271020341
572 171665671
162 741576543
845 149674770
292 599478728
750 873972902
1201 533750795
1544 848733701
926 225079240
141 860089041
307 499382130
1437 682340760
392 422448388
1428 83216586
1127 538595586
1081 222225942
1531 773070921
1594 712042385
569 265983142
774 499080112
127 338211734
455 261104336
1591 76613754
35 357302698
280 190306327
1133 430117251
868 245611998
422 442246220
8 307178019
997 399938443
709 137899088
814 834793251
533 231284204
799 612668347
525 226070001
472 793872083
1532 498925820
103 411382910
232 53309139
1403 599926631
747 42549143
1393 464051718
950 217913460
1001 525219311
80 657983497
669 831983818
1089 456988532
1231 775878179
819 337014044
293 488856003
1299 6972740
208 731123561
641 697372796
262 321374092
571 193581606
652 383287685
974 628221715
897 333221678
1053 434652611
600 177682954
985 173906267
1601 719757298
1381 169124447
741 477114825
1561 108735413
318 236684926
839 310880947
1186 47507350
1507 63415515
514 896945494
213 133666034
205 679703535
1063 835435306
833 873009371
1298 612808330
929 702278886
1481 416242680
286 223423855
1060 39107576
1076 676048845
436 398920016
1203 600527996
838 887136512
1613 681075022
1251 690114050
551 648506721
895 677377929
799 617346011
261 559533094
1021 278398495
420 249772028
724 315997576
746 560590128
585 882082094
351 637165982
648 562729736
1250 112074718
844 171371484
1609 816650887
344 552534604
1057 371144610
450 361966379
530 97605461
295 483319523
66 671885988
651 21845713
849 798282679
788 893733188
1543 343542030
781 577293325
348 315999731
570 324209984
906 71526507
1536 636070475
179 612494124
436 58263463
6 157274915
1403 405936858
1065 38059526
1089 305974671
553 898665187
1108 386185874
1570 365249466
8 403534714
1288 93179324
602 110256555
777 314900617
468 45541905
74 255684361
1460 430100727
1345 372604630
599 19530147
627 884675296
118 269937546
354 695691125
1075 308463294
1393 611773444
1370 608264768
480 822253403
1436 541808207
717 788753832
1495 863065766
193 89362022
415 60343430
517 379091172
110 569668573
1143 74077564
242 530573254
26 625899923
920 145711462
949 74023701
1108 723628323
1413 625695103
613 530577414
871 789148537
1043 654087206
608 494136937
1006 347104444
741 542348526
1608 778055064
1065 74060277
30 467405440
1249 278689714
1598 201444603
1184 216271601
1271 632133168
1176 155339221
1094 613522814
1380 493399645
1262 496106354
139 279292807
1182 603117294
471 89192764
1044 470953218
928 737424610
1477 472743200
899 610125127
932 340578366
186 840551946
1037 214187952
951 231713692
1505 662010303
977 376132871
319 328313893
1156 245286720
198 466841986
328 859154686
1493 84792718
529 751455728
218 389948550
1488 266372054
1323 341158770
401 836995038
54 182509658
668 832965621
1579 286762650
604 174817672
1157 226530068
1506 622743639
725 365260166
789 778675673
573 158039389
264 215721568
1382 207550849
377 432240812
70 106810094
1014 275427332
898 692805518
1190 96216095
1210 452552805
838 154085459
523 108272052
537 491602573
239 891489673
540 422950435
1577 622837350
920 345494981
349 562846107
1396 274735723
123 634630195
500 853683549
560 840456245
400 295466862
1129 732750476
245 797671810
475 93757819
85 650850753
106 713052067
819 303903909
1042 701877012
502 460829169
723 864340446
211 644897024
1381 427278948
808 552034766
1224 342807757
1601 236032723
926 642533490
175 471232209
977 847286831
1073 339418089
1142 136777994
573 12152577
488 112768615
1005 299577358
175 73416549
1197 630374893
532 278403775
1419 754917343
724 655009125
1564 160381725
250 505467840
368 348162807
706 645302538
1261 9121627
1358 411877986
913 495760159
1270 656482745
453 50487218
355 757210165
421 299896347
595 511751006
1496 332443327
1059 829379435
540 831116878
457 80578410
24 547757856
33 776972503
1276 688957242
1063 568830872
165 842681678
1120 72516535
582 403594102
798 88959758
107 210332497
1574 23106766
1624 602903033
1122 798685700
1607 466523296
308 593590437
1140 641359926
606 168894255
297 861782623
136 846124753
983 101504632
1447 45087682
909 778678514
1485 101442570
553 221830858
1626 562839090
848 503746109
1081 506923508
1455 516781707
1053 771880180
1074 162081955
464 600850533
810 380084127
192 520831949
703 339496677
1068 329985115
824 634553469
299 134725107
356 106399222
31 582821217
247 579337721
1482 507888624
106 194857959
1050 198472248
1427 281283980
1589 104845220
1480 679471982
309 577378690
853 429377143
479 827655588
161 786178489
596 444428813
244 852437894
1274 735527321
455 762691380
836 154988150
1410 827539675
695 620586130
879 77864713
745 818845695
69 746826721
487 232126892
1043 714304338
334 166527491
1015 704144550
227 788365452
356 896061666
152 161922385
615 887933932
903 294864064
1240 168414585
1476 589501045
675 218649196
1289 635141517
349 501681997
608 155467124
422 28779494
335 555041778
1625 55925684
827 145467187
718 324146636
850 879440286
893 671103509
914 880510482
947 558286595
1396 496327803
295 283710948
178 414082509
625 608236292
612 583694512
1548 95438367
706 890170476
1381 526433361
1344 723294719
1589 32498130
366 562557040
115 562087792
444 395914651
427 155219308
296 663891034
1149 837537285
865 317423829
1510 650065365
1025 70957642
1035 523785382
1210 842214142
1411 695437546
1462 420213048
569 136418432
869 287126779
154 265948647
530 348909542
1005 144967872
724 437209848
1313 335152707
838 158653286
1063 217500822
285 275932881
124 9928781
416 521357050
413 351003670
178 763819529
455 567117795
553 243592569
672 591319447
978 261472407
483 124485805
1064 306881585
231 106252875
301 684673205
554 386118969
675 879712763
1229 404184572
1313 708232009
1031 234509422
481 223648622
1382 224695395
887 532966583
710 372621430
1389 90760623
426 640587829
197 270833549
1094 211893183
489 621438301
1298 341569241
1276 897622677
724 847215890
173 425519745
236 691115522
309 459930949
232 104952614
298 817859734
1382 778899087
686 568747460
1544 574444714
502 250999701
490 415996757
1556 773548969
54 375089387
913 320884440
843 210360679
182 523228509
172 802844708
1206 703614569
382 654788855
27 892758823
1533 889606516
1378 128315034
1303 301656803
10 891978774
441 875704988
1518 161956002
626 295785723
534 328506678
590 611361972
1341 149420708
1220 794168697
1520 197994978
278 589760480
1481 722654426
775 460070238
1301 630324122
1370 641971691
1168 64502238
1467 752201455
433 11223323
1026 82676747
856 803800987
247 329476933
1212 640376695
714 668321902
915 888223359
997 726602035
1426 256378211
317 301749133
586 521412389
238 199029255
769 365512593
671 694831802
694 505905205
943 840457554
1342 104381819
1514 16469567
671 446312640
321 256031628
981 13081908
1598 356833696
610 319566604
1579 860520635
585 234801055
1377 379686655
1343 80281408
557 245276291
960 638476690
960 845065404
176 734309874
928 255491687
1621 635063717
446 5581458
560 251211070
299 73711360
43 491284906
1164 764882331
480 861122369
1168 604739716
281 587341078
70 442398685
963 205659893
483 213642163
722 233600239
327 628169303
1265 809569684
1046 666942153
1204 54273001
1197 56782220
399 481604704
66 839775034
707 731788086
282 145343536
942 403645060
333 342830516
459 157345287
397 281166700
914 17283665
646 869855115
328 870009957
1065 175703011
1284 111775574
809 301676042
860 329644697
1144 566383822
321 196668105
344 12420229
1350 179528159
1324 136511597
547 546871522
602 593472553
1435 721921971
1528 241759356
1266 43840976
1593 774524172
257 843979573
1363 164996149
1547 632384039
1312 335155839
474 313428054
44 226555295
984 173022513
1489 450263741
644 258217146
1601 474003155
12 546149172
1116 351186035
895 161275868
452 156197920
1519 831286239
1137 327285349
909 688144767
1148 500417647
777 856299844
642 681524167
1297 474567119
107 325509359
369 507433766
576 739468391
693 97122132
1484 792402553
42 218827252
1089 525293404
187 8752110
142 49871368
1223 346879885
507 41444440
472 358513542
1616 600592257
434 20843365
660 187218876
715 485624618
581 454741010
1102 728716193
1475 646471630
1269 618213475
1372 713434613
397 610632337
722 406302806
912 732672296
46 521055022
186 472204742
1 134291688
888 86391733
730 68624179
11 706796806
460 266275381
11 790153424
211 667322616
121 884924868
56 797887367
945 768483746
81 405888451
