2000 2000
842 900000000
1760 900000000
103 900000000
1016 900000000
1518 900000000
48 900000000
546 900000000
810 900000000
999 900000000
424 900000000
1180 900000000
170 900000000
586 900000000
666 900000000
1463 900000000
303 900000000
1267 900000000
370 900000000
640 900000000
1020 900000000
1610 900000000
1833 900000000
1673 900000000
1644 900000000
1747 900000000
1219 900000000
1442 900000000
591 900000000
1309 900000000
1915 900000000
1504 900000000
1256 900000000
253 900000000
1212 900000000
762 900000000
1788 900000000
1958 900000000
1244 900000000
1241 900000000
1159 900000000
243 900000000
716 900000000
1250 900000000
499 900000000
845 900000000
905 900000000
358 900000000
147 900000000
724 900000000
792 900000000
1048 900000000
1355 900000000
244 900000000
983 900000000
1930 900000000
282 900000000
1759 900000000
951 900000000
836 900000000
429 900000000
564 900000000
2 900000000
1582 900000000
1052 900000000
1522 900000000
1450 900000000
1621 900000000
1898 900000000
1006 900000000
1876 900000000
230 900000000
1933 900000000
596 900000000
782 900000000
864 900000000
1962 900000000
383 900000000
482 900000000
1043 900000000
1157 900000000
1556 900000000
531 900000000
336 900000000
1890 900000000
537 900000000
1959 900000000
1885 900000000
1292 900000000
1336 900000000
342 900000000
378 900000000
896 900000000
1240 900000000
1156 900000000
355 900000000
1824 900000000
495 900000000
1286 900000000
649 900000000
1550 900000000
1337 900000000
184 900000000
1942 900000000
1347 900000000
745 900000000
1041 900000000
369 900000000
1606 900000000
574 900000000
1309 900000000
1582 900000000
1710 900000000
1617 900000000
296 900000000
1628 900000000
652 900000000
961 900000000
345 900000000
809 900000000
252 900000000
1882 900000000
350 900000000
1446 900000000
27 900000000
1675 900000000
1255 900000000
1632 900000000
1754 900000000
140 900000000
1894 900000000
1829 900000000
629 900000000
879 900000000
604 900000000
1728 900000000
949 900000000
141 900000000
766 900000000
1687 900000000
600 900000000
432 900000000
251 900000000
1208 900000000
262 900000000
874 900000000
1592 900000000
223 900000000
769 900000000
1066 900000000
367 900000000
1515 900000000
1546 900000000
867 900000000
1879 900000000
244 900000000
1357 900000000
90 900000000
1958 900000000
200 900000000
1808 900000000
1598 900000000
403 900000000
50 900000000
526 900000000
685 900000000
1181 900000000
1878 900000000
1091 900000000
101 900000000
179 900000000
590 900000000
451 900000000
129 900000000
1748 900000000
1003 900000000
1790 900000000
416 900000000
172 900000000
1961 900000000
1373 900000000
701 900000000
483 900000000
1297 900000000
1235 900000000
486 900000000
1647 900000000
170 900000000
1248 900000000
21 900000000
168 900000000
687 900000000
1399 900000000
67 900000000
560 900000000
674 900000000
820 900000000
1873 900000000
1702 900000000
1059 900000000
1510 900000000
1538 900000000
1967 900000000
1683 900000000
41 900000000
1919 900000000
40 900000000
31 900000000
189 900000000
1595 900000000
1019 900000000
1935 900000000
1885 900000000
253 900000000
315 900000000
315 900000000
571 900000000
1029 900000000
1322 900000000
1859 900000000
1536 900000000
702 900000000
1831 900000000
409 900000000
617 900000000
1842 900000000
719 900000000
915 900000000
1875 900000000
175 900000000
728 900000000
1799 900000000
1464 900000000
399 900000000
1384 900000000
904 900000000
121 900000000
407 900000000
1662 900000000
1583 900000000
192 900000000
1944 900000000
699 900000000
119 900000000
1974 900000000
826 900000000
58 900000000
189 900000000
1795 900000000
1221 900000000
784 900000000
275 900000000
114 900000000
1910 900000000
1340 900000000
1603 900000000
1321 900000000
417 900000000
1903 900000000
458 900000000
334 900000000
217 900000000
435 900000000
458 900000000
1243 900000000
1909 900000000
1378 900000000
1724 900000000
452 900000000
1434 900000000
1775 900000000
393 900000000
1465 900000000
1109 900000000
433 900000000
516 900000000
198 900000000
1165 900000000
1103 900000000
454 900000000
500 900000000
1252 900000000
746 900000000
273 900000000
396 900000000
1262 900000000
852 900000000
1197 900000000
279 900000000
754 900000000
31 900000000
1883 900000000
1648 900000000
644 900000000
157 900000000
1635 900000000
847 900000000
619 900000000
1395 900000000
1185 900000000
331 900000000
519 900000000
1857 900000000
5 900000000
1890 900000000
1018 900000000
1718 900000000
1000 900000000
760 900000000
794 900000000
1193 900000000
1638 900000000
1896 900000000
960 900000000
292 900000000
1758 900000000
1035 900000000
446 900000000
1789 900000000
85 900000000
212 900000000
1428 900000000
710 900000000
833 900000000
1005 900000000
1447 900000000
1051 900000000
992 900000000
1709 900000000
341 900000000
1457 900000000
1088 900000000
629 900000000
1886 900000000
1716 900000000
693 900000000
1995 900000000
525 900000000
481 900000000
1229 900000000
373 900000000
1045 900000000
773 900000000
341 900000000
437 900000000
1344 900000000
326 900000000
217 900000000
667 900000000
1562 900000000
135 900000000
967 900000000
1971 900000000
842 900000000
36 900000000
910 900000000
1866 900000000
506 900000000
1892 900000000
975 900000000
955 900000000
1728 900000000
1858 900000000
14 900000000
1396 900000000
872 900000000
1218 900000000
1183 900000000
1074 900000000
1790 900000000
1959 900000000
532 900000000
663 900000000
705 900000000
226 900000000
272 900000000
612 900000000
221 900000000
1990 900000000
22 900000000
506 900000000
101 900000000
1575 900000000
106 900000000
980 900000000
509 900000000
1625 900000000
1289 900000000
1901 900000000
705 900000000
966 900000000
70 900000000
918 900000000
1349 900000000
1014 900000000
1632 900000000
1173 900000000
359 900000000
1359 900000000
491 900000000
1562 900000000
1049 900000000
1316 900000000
792 900000000
1377 900000000
648 900000000
391 900000000
679 900000000
548 900000000
36 900000000
1336 900000000
924 900000000
1784 900000000
1464 900000000
634 900000000
1752 900000000
1505 900000000
1389 900000000
626 900000000
1467 900000000
1377 900000000
1092 900000000
236 900000000
1234 900000000
1443 900000000
244 900000000
873 900000000
489 900000000
1216 900000000
1951 900000000
867 900000000
571 900000000
458 900000000
650 900000000
1335 900000000
1300 900000000
798 900000000
598 900000000
1609 900000000
420 900000000
1467 900000000
1201 900000000
1014 900000000
1714 900000000
352 900000000
774 900000000
1064 900000000
1418 900000000
1775 900000000
189 900000000
458 900000000
611 900000000
258 900000000
908 900000000
1577 900000000
289 900000000
1384 900000000
354 900000000
930 900000000
869 900000000
884 900000000
411 900000000
895 900000000
1562 900000000
826 900000000
793 900000000
1764 900000000
485 900000000
1579 900000000
1047 900000000
1775 900000000
2000 900000000
375 900000000
914 900000000
317 900000000
1584 900000000
1789 900000000
943 900000000
423 900000000
1413 900000000
274 900000000
302 900000000
1443 900000000
268 900000000
1474 900000000
992 900000000
679 900000000
785 900000000
1958 900000000
565 900000000
1863 900000000
1472 900000000
1724 900000000
820 900000000
477 900000000
1866 900000000
1344 900000000
121 900000000
454 900000000
1036 900000000
559 900000000
1805 900000000
569 900000000
1368 900000000
951 900000000
428 900000000
1528 900000000
1874 900000000
997 900000000
1244 900000000
464 900000000
1617 900000000
668 900000000
1655 900000000
1586 900000000
1030 900000000
389 900000000
1014 900000000
1135 900000000
1691 900000000
477 900000000
783 900000000
668 900000000
332 900000000
850 900000000
1839 900000000
1166 900000000
1272 900000000
462 900000000
1506 900000000
1874 900000000
1094 900000000
1626 900000000
1967 900000000
1645 900000000
1411 900000000
1879 900000000
877 900000000
219 900000000
1834 900000000
1196 900000000
1305 900000000
1971 900000000
773 900000000
1859 900000000
51 900000000
865 900000000
1728 900000000
1571 900000000
1182 900000000
1183 900000000
47 900000000
1426 900000000
622 900000000
1315 900000000
1136 900000000
461 900000000
1892 900000000
1149 900000000
375 900000000
403 900000000
1578 900000000
1047 900000000
1730 900000000
1064 900000000
134 900000000
1577 900000000
1238 900000000
1775 900000000
1709 900000000
733 900000000
374 900000000
1890 900000000
545 900000000
1058 900000000
748 900000000
1174 900000000
496 900000000
1976 900000000
1481 900000000
273 900000000
774 900000000
569 900000000
634 900000000
1377 900000000
974 900000000
620 900000000
1491 900000000
1789 900000000
1445 900000000
754 900000000
740 900000000
23 900000000
1495 900000000
1922 900000000
522 900000000
187 900000000
727 900000000
1366 900000000
405 900000000
1784 900000000
1998 900000000
1706 900000000
432 900000000
710 900000000
1785 900000000
1374 900000000
1718 900000000
904 900000000
1936 900000000
24 900000000
1519 900000000
475 900000000
1132 900000000
285 900000000
336 900000000
1025 900000000
258 900000000
1318 900000000
1307 900000000
1198 900000000
1974 900000000
1342 900000000
776 900000000
1389 900000000
1034 900000000
1537 900000000
1308 900000000
602 900000000
1571 900000000
1341 900000000
1319 900000000
718 900000000
1732 900000000
812 900000000
1313 900000000
1606 900000000
976 900000000
418 900000000
1589 900000000
816 900000000
675 900000000
1715 900000000
737 900000000
952 900000000
1854 900000000
1196 900000000
984 900000000
165 900000000
1797 900000000
1326 900000000
875 900000000
362 900000000
1512 900000000
545 900000000
1764 900000000
1465 900000000
73 900000000
197 900000000
496 900000000
72 900000000
1408 900000000
331 900000000
842 900000000
510 900000000
1605 900000000
1476 900000000
71 900000000
77 900000000
182 900000000
570 900000000
1881 900000000
338 900000000
1290 900000000
711 900000000
711 900000000
1430 900000000
112 900000000
743 900000000
770 900000000
107 900000000
727 900000000
115 900000000
311 900000000
787 900000000
313 900000000
461 900000000
1019 900000000
423 900000000
379 900000000
497 900000000
1292 900000000
1662 900000000
479 900000000
671 900000000
171 900000000
1107 900000000
1651 900000000
483 900000000
655 900000000
252 900000000
858 900000000
1207 900000000
1640 900000000
222 900000000
534 900000000
1365 900000000
391 900000000
1480 900000000
1761 900000000
709 900000000
1270 900000000
1286 900000000
774 900000000
176 900000000
1682 900000000
1469 900000000
1832 900000000
960 900000000
690 900000000
45 900000000
1772 900000000
1364 900000000
1069 900000000
1153 900000000
309 900000000
157 900000000
969 900000000
399 900000000
1123 900000000
966 900000000
1027 900000000
232 900000000
1286 900000000
511 900000000
1205 900000000
946 900000000
1228 900000000
187 900000000
205 900000000
1933 900000000
61 900000000
204 900000000
1224 900000000
1225 900000000
1812 900000000
1649 900000000
711 900000000
438 900000000
1630 900000000
313 900000000
1013 900000000
1407 900000000
535 900000000
361 900000000
163 900000000
315 900000000
1437 900000000
1191 900000000
1622 900000000
1843 900000000
747 900000000
539 900000000
1639 900000000
1014 900000000
519 900000000
36 900000000
1077 900000000
464 900000000
1749 900000000
876 900000000
830 900000000
1830 900000000
930 900000000
1418 900000000
1785 900000000
522 900000000
1039 900000000
147 900000000
1258 900000000
1877 900000000
1024 900000000
296 900000000
206 900000000
538 900000000
1526 900000000
821 900000000
39 900000000
143 900000000
851 900000000
127 900000000
1738 900000000
1757 900000000
1554 900000000
1813 900000000
145 900000000
910 900000000
1416 900000000
656 900000000
672 900000000
1553 900000000
1860 900000000
1046 900000000
1035 900000000
1092 900000000
1378 900000000
1263 900000000
71 900000000
1093 900000000
1816 900000000
128 900000000
1005 900000000
408 900000000
1409 900000000
569 900000000
133 900000000
825 900000000
27 900000000
1199 900000000
1770 900000000
1617 900000000
1513 900000000
1005 900000000
584 900000000
1199 900000000
1940 900000000
1216 900000000
1501 900000000
1316 900000000
1661 900000000
1975 900000000
898 900000000
874 900000000
1432 900000000
1955 900000000
720 900000000
633 900000000
821 900000000
1122 900000000
505 900000000
1298 900000000
1625 900000000
1810 900000000
1615 900000000
877 900000000
1448 900000000
124 900000000
1200 900000000
912 900000000
1817 900000000
947 900000000
1824 900000000
778 900000000
1412 900000000
510 900000000
1816 900000000
310 900000000
300 900000000
87 900000000
974 900000000
128 900000000
47 900000000
529 900000000
897 900000000
1365 900000000
1039 900000000
507 900000000
810 900000000
623 900000000
1097 900000000
1802 900000000
1122 900000000
867 900000000
234 900000000
1327 900000000
1303 900000000
830 900000000
1984 900000000
1972 900000000
756 900000000
1849 900000000
364 900000000
1443 900000000
1808 900000000
131 900000000
1988 900000000
507 900000000
1202 900000000
1850 900000000
1643 900000000
91 900000000
1989 900000000
359 900000000
874 900000000
787 900000000
1046 900000000
868 900000000
258 900000000
1530 900000000
1336 900000000
143 900000000
1828 900000000
1228 900000000
480 900000000
231 900000000
979 900000000
362 900000000
1559 900000000
775 900000000
492 900000000
637 900000000
478 900000000
1432 900000000
1915 900000000
1520 900000000
736 900000000
1080 900000000
1426 900000000
1102 900000000
613 900000000
510 900000000
1656 900000000
1143 900000000
407 900000000
1743 900000000
949 900000000
1512 900000000
480 900000000
832 900000000
484 900000000
741 900000000
743 900000000
1340 900000000
1009 900000000
1212 900000000
378 900000000
986 900000000
762 900000000
1583 900000000
1438 900000000
504 900000000
157 900000000
1337 900000000
567 900000000
284 900000000
978 900000000
1568 900000000
373 900000000
619 900000000
1898 900000000
609 900000000
1137 900000000
382 900000000
425 900000000
635 900000000
844 900000000
1789 900000000
1603 900000000
1569 900000000
1373 900000000
1714 900000000
1093 900000000
663 900000000
518 900000000
14 900000000
134 900000000
1665 900000000
627 900000000
1153 900000000
1059 900000000
178 900000000
927 900000000
1680 900000000
418 900000000
377 900000000
418 900000000
1939 900000000
354 900000000
1171 900000000
1013 900000000
1608 900000000
1486 900000000
1370 900000000
813 900000000
1045 900000000
1035 900000000
88 900000000
922 900000000
1581 900000000
1757 900000000
1125 900000000
325 900000000
783 900000000
1708 900000000
1767 900000000
568 900000000
453 900000000
1352 900000000
1389 900000000
1844 900000000
1788 900000000
1188 900000000
1388 900000000
1840 900000000
1493 900000000
1126 900000000
549 900000000
46 900000000
489 900000000
1443 900000000
813 900000000
1865 900000000
686 900000000
411 900000000
65 900000000
228 900000000
1950 900000000
345 900000000
917 900000000
841 900000000
1814 900000000
711 900000000
831 900000000
1778 900000000
818 900000000
1513 900000000
1337 900000000
739 900000000
1979 900000000
410 900000000
1918 900000000
626 900000000
706 900000000
968 900000000
1772 900000000
853 900000000
116 900000000
425 900000000
379 900000000
1606 900000000
1901 900000000
864 900000000
999 900000000
1154 900000000
1897 900000000
1962 900000000
301 900000000
1746 900000000
569 900000000
353 900000000
1612 900000000
22 900000000
999 900000000
1963 900000000
981 900000000
141 900000000
1980 900000000
864 900000000
1883 900000000
173 900000000
628 900000000
808 900000000
1134 900000000
1409 900000000
1604 900000000
1752 900000000
551 900000000
769 900000000
843 900000000
1542 900000000
354 900000000
199 900000000
328 900000000
130 900000000
66 900000000
9 900000000
604 900000000
1539 900000000
63 900000000
1532 900000000
754 900000000
1195 900000000
1546 900000000
1861 900000000
1852 900000000
645 900000000
1507 900000000
1897 900000000
1602 900000000
1745 900000000
323 900000000
1539 900000000
780 900000000
1223 900000000
648 900000000
1990 900000000
1710 900000000
445 900000000
1257 900000000
1646 900000000
865 900000000
553 900000000
1485 900000000
266 900000000
1854 900000000
351 900000000
364 900000000
4 900000000
1466 900000000
987 900000000
1339 900000000
1436 900000000
27 900000000
814 900000000
1123 900000000
670 900000000
118 900000000
1481 900000000
1206 900000000
1088 900000000
971 900000000
820 900000000
1770 900000000
418 900000000
1127 900000000
1691 900000000
1253 900000000
792 900000000
1375 900000000
675 900000000
553 900000000
1846 900000000
505 900000000
1518 900000000
104 900000000
487 900000000
221 900000000
1336 900000000
454 900000000
1991 900000000
1422 900000000
516 900000000
385 900000000
1806 900000000
1773 900000000
1063 900000000
1812 900000000
472 900000000
1605 900000000
788 900000000
1050 900000000
447 900000000
21 900000000
304 900000000
262 900000000
1199 900000000
81 900000000
1763 900000000
1636 900000000
22 900000000
1580 900000000
728 900000000
817 900000000
1261 900000000
1308 900000000
1567 900000000
1789 900000000
455 900000000
1910 900000000
1767 900000000
848 900000000
494 900000000
275 900000000
434 900000000
1000 900000000
1399 900000000
1014 900000000
1896 900000000
1204 900000000
212 900000000
372 900000000
871 900000000
1220 900000000
678 900000000
1264 900000000
30 900000000
1507 900000000
1317 900000000
1325 900000000
1629 900000000
1908 900000000
243 900000000
1014 900000000
771 900000000
1821 900000000
1052 900000000
454 900000000
397 900000000
1837 900000000
1289 900000000
1711 900000000
1604 900000000
391 900000000
1469 900000000
296 900000000
559 900000000
898 900000000
324 900000000
526 900000000
828 900000000
1731 900000000
1811 900000000
1002 900000000
1452 900000000
624 900000000
89 900000000
791 900000000
1590 900000000
1617 900000000
1042 900000000
763 900000000
1919 900000000
1334 900000000
1778 900000000
1886 900000000
1442 900000000
1513 900000000
1835 900000000
369 900000000
1487 900000000
482 900000000
702 900000000
651 900000000
1594 900000000
890 900000000
124 900000000
540 900000000
1056 900000000
1892 900000000
19 900000000
689 900000000
900 900000000
1581 900000000
923 900000000
1790 900000000
1450 900000000
622 900000000
319 900000000
1157 900000000
384 900000000
801 900000000
147 900000000
583 900000000
814 900000000
181 900000000
387 900000000
985 900000000
1113 900000000
1764 900000000
1411 900000000
594 900000000
1373 900000000
1050 900000000
988 900000000
1465 900000000
1226 900000000
1314 900000000
224 900000000
1010 900000000
1088 900000000
255 900000000
945 900000000
391 900000000
1949 900000000
1724 900000000
1968 900000000
267 900000000
198 900000000
821 900000000
564 900000000
1707 900000000
225 900000000
1444 900000000
1702 900000000
1346 900000000
1340 900000000
1985 900000000
1221 900000000
295 900000000
582 900000000
1661 900000000
201 900000000
179 900000000
258 900000000
1734 900000000
208 900000000
1745 900000000
560 900000000
1555 900000000
254 900000000
1268 900000000
342 900000000
246 900000000
159 900000000
264 900000000
1756 900000000
587 900000000
173 900000000
1808 900000000
1409 900000000
1560 900000000
78 900000000
1180 900000000
786 900000000
363 900000000
851 900000000
1276 900000000
1049 900000000
1752 900000000
1045 900000000
1278 900000000
1208 900000000
206 900000000
991 900000000
976 900000000
1911 900000000
1624 900000000
489 900000000
1603 900000000
182 900000000
1238 900000000
839 900000000
323 900000000
601 900000000
269 900000000
203 900000000
1601 900000000
1607 900000000
887 900000000
1326 900000000
1206 900000000
579 900000000
1790 900000000
1627 900000000
128 900000000
946 900000000
1797 900000000
1051 900000000
1189 900000000
706 900000000
1132 900000000
1376 900000000
1531 900000000
929 900000000
1087 900000000
1063 900000000
1959 900000000
1280 900000000
835 900000000
678 900000000
370 900000000
147 900000000
620 900000000
1005 900000000
826 900000000
853 900000000
654 900000000
3 900000000
1041 900000000
601 900000000
1690 900000000
1815 900000000
71 900000000
527 900000000
147 900000000
57 900000000
662 900000000
1813 900000000
1985 900000000
1261 900000000
3 900000000
1662 900000000
917 900000000
1514 900000000
1088 900000000
278 900000000
906 900000000
306 900000000
1016 900000000
226 900000000
1514 900000000
1511 900000000
667 900000000
1866 900000000
1883 900000000
36 900000000
268 900000000
976 900000000
837 900000000
272 900000000
829 900000000
966 900000000
1658 900000000
1266 900000000
1432 900000000
842 900000000
1628 900000000
903 900000000
1524 900000000
1377 900000000
1090 900000000
1669 900000000
544 900000000
1407 900000000
455 900000000
518 900000000
1073 900000000
1838 900000000
102 900000000
765 900000000
441 900000000
448 900000000
186 900000000
1444 900000000
1803 900000000
159 900000000
1940 900000000
1173 900000000
1041 900000000
1155 900000000
1820 900000000
1372 900000000
1756 900000000
1436 900000000
145 900000000
413 900000000
1534 900000000
459 900000000
42 900000000
1336 900000000
981 900000000
1088 900000000
746 900000000
74 900000000
1758 900000000
1969 900000000
335 900000000
921 900000000
616 900000000
356 900000000
5 900000000
100 900000000
1874 900000000
222 900000000
762 900000000
247 900000000
1511 900000000
1503 900000000
1350 900000000
1619 900000000
1169 900000000
505 900000000
1580 900000000
1861 900000000
180 900000000
754 900000000
107 900000000
970 900000000
553 900000000
816 900000000
1793 900000000
153 900000000
258 900000000
1336 900000000
76 900000000
914 900000000
75 900000000
1843 900000000
1644 900000000
39 900000000
499 900000000
1445 900000000
1964 900000000
1981 900000000
1630 900000000
863 900000000
1210 900000000
303 900000000
1647 900000000
1595 900000000
293 900000000
818 900000000
1668 900000000
691 900000000
923 900000000
1881 900000000
8 900000000
41 900000000
61 900000000
343 900000000
1568 900000000
1530 900000000
1214 900000000
586 900000000
538 900000000
615 900000000
963 900000000
512 900000000
1981 900000000
501 900000000
1604 900000000
149 900000000
419 900000000
1998 900000000
1892 900000000
237 900000000
1820 900000000
1126 900000000
1951 900000000
1082 900000000
1776 900000000
714 900000000
119 900000000
304 900000000
396 900000000
401 900000000
833 900000000
119 900000000
1466 900000000
519 900000000
257 900000000
727 900000000
40 900000000
903 900000000
292 900000000
1100 900000000
211 900000000
1429 900000000
513 900000000
116 900000000
804 900000000
1944 900000000
1028 900000000
896 900000000
1581 900000000
1666 900000000
1491 900000000
840 900000000
233 900000000
1720 900000000
98 900000000
906 900000000
125 900000000
677 900000000
1398 900000000
864 900000000
297 900000000
655 900000000
1082 900000000
888 900000000
565 900000000
1771 900000000
645 900000000
946 900000000
1393 900000000
1941 900000000
1781 900000000
371 900000000
1650 900000000
1351 900000000
1208 900000000
1587 900000000
1156 900000000
668 900000000
1928 900000000
937 900000000
1868 900000000
621 900000000
1263 900000000
303 900000000
43 900000000
427 900000000
212 900000000
878 900000000
69 900000000
395 900000000
758 900000000
389 900000000
1474 900000000
257 900000000
843 900000000
1879 900000000
1139 900000000
48 900000000
556 900000000
998 900000000
574 900000000
1131 900000000
499 900000000
1287 900000000
605 900000000
1353 900000000
1875 900000000
605 900000000
1535 900000000
289 900000000
1768 900000000
1130 900000000
641 900000000
240 900000000
327 900000000
1131 900000000
1355 900000000
1221 900000000
413 900000000
441 900000000
1997 900000000
820 900000000
1336 900000000
167 900000000
186 900000000
1671 900000000
508 900000000
1886 900000000
816 900000000
77 900000000
636 900000000
1161 900000000
1447 900000000
1285 900000000
1748 900000000
497 900000000
546 900000000
1834 900000000
1465 900000000
1848 900000000
1220 900000000
319 900000000
948 900000000
944 900000000
1211 900000000
1683 900000000
538 900000000
1401 900000000
1925 900000000
850 900000000
1060 900000000
1317 900000000
1809 900000000
255 900000000
299 900000000
1675 900000000
510 900000000
1039 900000000
649 900000000
1133 900000000
1847 900000000
1451 900000000
1760 900000000
1008 900000000
480 900000000
858 900000000
959 900000000
277 900000000
442 900000000
643 900000000
1679 900000000
385 900000000
1158 900000000
832 900000000
1723 900000000
1596 900000000
1589 900000000
952 900000000
1620 900000000
1029 900000000
1471 900000000
534 900000000
611 900000000
1169 900000000
1080 900000000
1865 900000000
1509 900000000
922 900000000
1474 900000000
440 900000000
819 900000000
1921 900000000
291 900000000
1405 900000000
211 900000000
78 900000000
1662 900000000
269 900000000
215 900000000
1211 900000000
1661 900000000
540 900000000
901 900000000
24 900000000
1770 900000000
783 900000000
535 900000000
916 900000000
1588 900000000
381 900000000
1912 900000000
193 900000000
1093 900000000
1815 900000000
60 900000000
238 900000000
1683 900000000
1129 900000000
732 900000000
601 900000000
758 900000000
1926 900000000
928 900000000
1644 900000000
627 900000000
1723 900000000
1016 900000000
1021 900000000
247 900000000
614 900000000
989 900000000
1734 900000000
256 900000000
1143 900000000
140 900000000
1598 900000000
1335 900000000
589 900000000
1213 900000000
1515 900000000
282 900000000
1676 900000000
1586 900000000
229 900000000
232 900000000
289 900000000
281 900000000
1713 900000000
1478 900000000
615 900000000
1187 900000000
1984 900000000
3 900000000
1518 900000000
1329 900000000
728 900000000
1676 900000000
913 900000000
125 900000000
1794 900000000
1014 900000000
309 900000000
1923 900000000
1206 900000000
1138 900000000
759 900000000
325 900000000
786 900000000
761 900000000
520 900000000
1666 900000000
1806 900000000
1023 900000000
839 900000000
1707 900000000
1014 900000000
278 900000000
1483 900000000
110 900000000
282 900000000
392 900000000
336 900000000
636 900000000
756 900000000
498 900000000
1363 900000000
916 900000000
630 900000000
299 900000000
341 900000000
1697 900000000
1908 900000000
525 900000000
324 900000000
78 900000000
944 900000000
825 900000000
844 900000000
548 900000000
1489 900000000
805 900000000
52 900000000
914 900000000
1490 900000000
1367 900000000
169 900000000
526 900000000
19 900000000
217 900000000
1681 900000000
1510 900000000
118 900000000
768 900000000
1592 900000000
1902 900000000
1626 900000000
1491 900000000
1201 900000000
1341 900000000
946 900000000
1843 900000000
541 900000000
1989 900000000
598 900000000
1416 900000000
1367 900000000
1429 900000000
799 900000000
1965 900000000
635 900000000
415 900000000
1732 900000000
311 900000000
1734 900000000
1012 900000000
940 900000000
220 900000000
179 900000000
1850 900000000
349 900000000
778 900000000
836 900000000
1003 900000000
453 900000000
1942 900000000
502 900000000
727 900000000
723 900000000
1325 900000000
536 900000000
796 900000000
1327 900000000
1942 900000000
1878 900000000
395 900000000
1094 900000000
1911 900000000
436 900000000
1323 900000000
365 900000000
756 900000000
650 900000000
895 900000000
1910 900000000
1376 900000000
1544 900000000
1738 900000000
1661 900000000
808 900000000
1372 900000000
718 900000000
582 900000000
1106 900000000
226 900000000
1176 900000000
1119 900000000
1050 900000000
1012 900000000
1233 900000000
338 900000000
1723 900000000
219 900000000
139 900000000
73 900000000
358 900000000
1645 900000000
808 900000000
571 900000000
877 900000000
1893 900000000
106 900000000
1036 900000000
1529 900000000
326 900000000
1366 900000000
969 900000000
441 900000000
277 900000000
503 900000000
1316 900000000
880 900000000
25 900000000
1337 900000000
359 900000000
1199 900000000
302 900000000
1359 900000000
318 900000000
295 900000000
702 900000000
786 900000000
1558 900000000
1909 900000000
1136 900000000
1212 900000000
865 900000000
295 900000000
1165 900000000
1939 900000000
913 900000000
1895 900000000
1498 900000000
275 900000000
219 900000000
1077 900000000
1262 900000000
847 900000000
1067 900000000
1781 900000000
1961 900000000
369 900000000
1887 900000000
1699 900000000
1628 900000000
1257 900000000
1171 900000000
1733 900000000
644 900000000
836 900000000
1480 900000000
847 900000000
444 900000000
855 900000000
1954 900000000
1524 900000000
287 900000000
1095 900000000
324 900000000
107 900000000
1898 900000000
1003 900000000
840 900000000
272 900000000
701 900000000
573 900000000
1683 900000000
335 900000000
608 900000000
1301 900000000
1343 900000000
631 900000000
919 900000000
1485 900000000
1528 900000000
983 900000000
294 900000000
739 900000000
1398 900000000
742 900000000
119 900000000
532 900000000
1894 900000000
999 900000000
254 900000000
170 900000000
161 900000000
1130 900000000
401 900000000
134 900000000
1130 900000000
837 900000000
1664 900000000
1897 900000000
267 900000000
1259 900000000
1222 900000000
1643 900000000
389 900000000
918 900000000
74 900000000
1753 900000000
1758 900000000
1970 900000000
1727 900000000
1106 900000000
1088 900000000
1494 900000000
1067 900000000
419 900000000
21 900000000
1695 900000000
1313 900000000
1795 900000000
451 900000000
72 900000000
