223
950 535 289 
621 371 237 
251 653 987 
77 285 600 
29 227 0 
822 882 651 
991 403 285 
317 423 433 
553 437 175 
73 314 205 
536 317 156 
782 822 845 
245 469 630 
381 518 923 
560 247 262 
980 4 999 
132 67 478 
128 284 732 
363 757 284 
418 721 95 
754 975 674 
692 168 384 
794 511 752 
999 277 702 
585 416 968 
175 670 173 
61 181 810 
598 429 758 
404 454 227 
338 471 963 
607 48 488 
286 374 597 
176 895 913 
930 361 434 
614 368 170 
981 377 285 
839 116 700 
54 976 326 
669 192 480 
782 99 965 
573 874 619 
831 587 214 
299 628 1 
543 508 45 
228 829 112 
291 527 382 
815 980 519 
888 248 417 
576 60 301 
328 811 439 
481 290 660 
648 726 203 
740 268 36 
990 324 178 
2 63 929 
901 528 345 
291 923 405 
695 987 393 
463 258 832 
158 893 94 
319 877 597 
38 759 72 
675 657 618 
958 851 156 
55 498 681 
937 965 877 
883 616 534 
867 793 603 
983 475 760 
361 623 946 
89 505 400 
979 747 791 
321 875 843 
398 422 712 
788 489 671 
982 125 424 
114 929 871 
227 352 819 
560 554 124 
457 446 348 
436 178 551 
879 384 617 
280 211 202 
271 176 885 
366 862 426 
842 933 779 
727 895 852 
267 61 287 
736 676 835 
36 663 638 
548 978 669 
289 115 387 
756 561 145 
807 883 13 
314 169 298 
395 720 739 
743 589 11 
984 10 697 
383 391 951 
599 248 324 
747 752 2 
737 720 962 
346 321 700 
686 569 780 
393 608 552 
430 803 15 
215 115 706 
523 734 528 
544 362 375 
566 493 775 
501 280 683 
910 43 900 
120 529 223 
185 382 438 
764 435 901 
873 40 575 
38 202 570 
556 231 242 
937 504 967 
343 454 93 
481 436 909 
240 128 243 
526 50 416 
194 704 277 
562 443 352 
539 75 499 
552 58 654 
745 298 824 
787 572 34 
449 45 281 
713 126 822 
70 54 38 
678 117 658 
117 498 678 
349 468 840 
849 892 206 
534 578 326 
357 77 279 
475 721 163 
838 103 28 
316 662 878 
275 459 802 
698 767 720 
901 556 32 
303 468 101 
147 878 386 
136 215 705 
914 673 469 
171 65 684 
866 802 975 
195 116 771 
641 567 818 
294 201 68 
985 777 445 
965 788 962 
609 280 479 
644 798 376 
146 808 95 
873 349 369 
541 837 522 
574 706 470 
352 372 352 
828 775 65 
437 150 185 
318 529 143 
730 179 920 
808 130 620 
228 825 145 
318 896 770 
163 815 424 
491 632 471 
350 809 61 
165 605 407 
422 446 819 
352 555 606 
965 684 481 
978 509 919 
31 60 914 
825 773 869 
700 610 776 
502 182 342 
871 721 917 
470 189 534 
304 267 899 
409 229 499 
329 680 448 
913 5 232 
63 282 397 
522 955 733 
738 970 168 
890 662 307 
464 471 827 
928 269 808 
879 793 404 
776 799 383 
368 833 694 
16 354 242 
518 101 218 
637 157 39 
958 407 697 
530 961 824 
630 564 202 
121 679 116 
834 816 359 
20 818 122 
436 569 536 
427 526 278 
379 978 301 
284 596 129 
312 200 649 
200 262 686 
378 994 325 
983 322 756 
928 735 669 
796 381 529 
79 382 433 
615 270 65 
306 254 269 
228 96 686 
52 528 169 
449 479 138 
126 393 463 
191 509 132 
810 815 219 
