955
227654461 287280879 545569447 
957439377 132927529 673279237 
84764157 346657957 865218844 
438943941 300318557 655696708 
375104169 40613018 133287865 
424846184 704976034 99735653 
187553083 570965052 170951670 
98249833 767496134 273049132 
81711599 882285903 350965475 
282476935 528147417 914190971 
744941724 910331605 895260170 
625595673 466803190 936170239 
247577928 720061246 92215486 
407415120 605545755 237087648 
933037252 410569205 401143086 
504660894 841037181 410786826 
800779692 246015090 610556626 
851793913 194550220 201785207 
71868910 663470033 709938696 
429225963 245549211 448106810 
127474236 356184583 536540924 
411950357 48633061 451956463 
884557456 440597006 220603602 
744499435 46777861 803675838 
581663801 194926901 461878067 
134633236 221115633 108800667 
161372381 339108402 868361350 
844965868 314663855 248254884 
184007243 626045722 733821361 
781202242 667231657 325346508 
395750524 780471775 973521484 
519482539 678795333 907468215 
862828213 677543238 630608368 
753489219 719397744 346248450 
602171576 847280774 99347285 
102604041 458980797 682887031 
702809538 247320537 819458373 
228890400 591428999 96581710 
256075419 924750294 949686670 
578364364 705919141 776563077 
21127411 908897733 192784197 
532866306 140611164 788833 
654192194 209067656 519933126 
287061957 288192041 668564378 
396036851 413388061 505992943 
693245657 975140652 164733799 
492484822 301209396 148938056 
82020497 643367454 541916217 
773217761 151035648 866333547 
935260440 300985885 653167102 
999110950 861110747 231636268 
929340329 900607649 484576688 
950960399 934956378 469613795 
101926569 29212231 263356926 
777205328 152723115 820814738 
988925045 180370741 144062807 
220174976 554298961 793045949 
450117693 901047822 832812605 
364562303 282525437 270856932 
557690932 431952368 832637672 
925640367 402185574 757346868 
437407649 482163559 270956290 
43287434 904942309 645020382 
237585102 640706007 196552621 
212305971 445357548 500746575 
328387455 253316620 152536772 
891516424 904256134 258042544 
47491617 37881221 890610618 
432217851 124538133 724990053 
105776129 30530610 220374153 
948748497 386717602 997977151 
391937105 802206886 787628672 
745934618 768866975 491373548 
400513629 300687182 294841368 
279442369 765149006 857433184 
728614301 228119353 289427272 
287857093 445946426 995867486 
452558842 778065395 608204157 
737382251 199777628 798666892 
797956443 960362731 45221000 
146195202 308370176 265642964 
233727943 862208018 265988075 
558291269 425094453 542368083 
853424443 7093052 355622147 
264607138 591618041 964974069 
626574696 389503644 737325488 
145378595 174526784 145939093 
205233454 721213009 665033266 
106801501 370489007 935917997 
457872677 469316738 48498109 
451477138 447604646 470859599 
759096562 736774659 483138434 
799195321 569420510 178920772 
411701417 72556608 157653466 
954645733 988981565 433010464 
178692454 303246259 854345456 
636925572 170293652 336553783 
345242501 783249146 616028259 
26544794 468061110 447138049 
535141615 939957974 470523200 
390607214 734692351 209898646 
835469278 414292742 655676173 
687745535 226266835 907628820 
757640404 669454741 331546684 
869909503 608590157 207287616 
221222319 554591788 47897587 
523850117 542056682 323910529 
304451400 269332977 344891757 
477806529 907463750 46161171 
880622877 617305475 640159420 
62073001 859752898 291933667 
639824292 260121041 667837697 
102492742 754724513 228742034 
196888627 77148641 511992013 
716582143 72590620 211691710 
146040539 698732884 165186575 
554703269 767698499 378363979 
421685514 657856330 172636696 
804486572 670336751 20459681 
658722692 887980076 558876849 
198358531 117318441 464898784 
875184928 263955166 251205335 
352738314 332142647 373109756 
394273926 840700044 520775089 
868593347 618417363 84193600 
141128414 716462401 309232736 
478457387 616551433 646973934 
154941696 231703607 628438952 
190272086 321295029 646206360 
659780663 883831510 776392719 
919423250 231551716 559254883 
81179390 695927689 931081271 
345895533 234684763 221398527 
722042876 86698544 28417491 
111812016 881773893 870219044 
952393372 375517465 336400000 
968587418 982698248 933876751 
70350791 596273022 721277141 
398878225 119340563 349448424 
521200305 168593090 967321761 
837001744 810760534 577491542 
113765149 159419306 349346990 
930807850 862894962 718625317 
844265509 976128467 542424894 
933462534 290531293 919142487 
669503104 183378788 26296466 
85230707 594538392 539126555 
479219484 376062993 102449860 
143061668 630959341 65329823 
461260380 260100002 563599643 
209801677 880143499 993657744 
97965983 111673848 144308525 
585000077 563013919 95851553 
982485668 83877879 121570452 
535673337 761709258 477331785 
768364005 515329607 14269204 
604008139 458477517 257409464 
585046271 421233979 924400219 
266701087 969047755 980985083 
751460746 555064957 424726462 
701677526 345889744 597692479 
120371816 209390588 457479827 
235456482 910108981 610567127 
300376933 44773884 800313380 
120132270 628327592 741419100 
670974215 284948228 735557565 
672609768 483595153 250312905 
520253814 968277272 958236059 
783187351 233307998 454829267 
625478044 197837157 627414446 
669745680 377172289 918506374 
75452073 792653232 558001774 
73620983 761375082 328959175 
146512604 395990400 573874298 
560333251 433166882 850758248 
140473872 499075203 535576764 
102607943 500423492 285254614 
166319214 206602937 83238070 
798543013 973558344 641702980 
209095268 185930969 77931942 
420911775 941756632 181487313 
217441579 292917779 112208444 
305535310 178885647 547365025 
672036470 862388 50807841 
635534242 971612286 107914405 
44269042 34976218 802924704 
422020994 101615879 311310103 
120556796 875486911 701227704 
202771031 953257021 231668023 
883040452 705031213 808114402 
403669813 868846400 329198024 
163853363 496122521 345086175 
331132793 896794342 466466939 
4654927 990886755 388611752 
575842428 301878929 276365932 
792644339 741465648 641236856 
668024164 419253336 108045492 
617683048 174887048 716664139 
984724285 574861539 327379203 
396237203 194204680 502214877 
786233295 716362759 346992553 
895163646 575899459 561662919 
245891638 787316107 299127525 
786673397 338885173 994611951 
4351577 319797212 620247200 
938216021 290029525 293466296 
163774679 644571311 423604944 
327672688 287273440 350183078 
346575725 955328969 861670545 
44236384 349724693 722776409 
144274545 66999112 229855759 
474280511 100170085 847765174 
576130237 851655617 999974183 
837181066 144794448 595592211 
394555422 206779556 235817309 
492123536 80268858 2494355 
417914962 775681883 843575242 
174329983 771687437 352527050 
251336357 69196374 843651404 
240300740 219943001 606772810 
239715992 677912722 972747065 
82808439 339957379 80628434 
138858934 286283001 499747601 
29033948 483396675 633006999 
551009269 872807019 73156745 
103073242 880277253 496581958 
241099043 334594855 161507001 
637257103 969348148 222291792 
425882449 397347402 393591522 
156118305 772561499 612993318 
351952787 415950916 919468896 
238924305 90118735 842585865 
819677843 476012980 710021811 
37748806 918425091 971893747 
251095732 962425639 480461478 
37048656 728729308 199256589 
693073907 646014548 181440692 
289979281 268608801 546772168 
572717069 45740589 108395249 
694686371 619651162 174846661 
304636827 595436603 989481627 
854110200 11356074 128042539 
713216734 29473369 453869194 
853823870 743592288 666855252 
796529438 368912078 230131639 
997595860 605992512 25800059 
368811492 160408731 766079966 
917501740 44140380 108794955 
285358346 624010612 558492630 
434164978 126064278 534920801 
156547215 462105856 284754353 
30616873 328301213 656382951 
222141426 516586356 640314063 
349368840 912749676 869052837 
376810674 202141175 875625464 
170178248 213829201 200076989 
664688361 176821759 452926550 
339431771 295175456 925899067 
332797015 458374980 822065318 
416787272 681492373 665047615 
178814215 227213991 46433655 
85139717 504225544 545251388 
789303631 909268517 318885984 
748296520 499310289 16795231 
498174578 881516126 581384416 
35625705 32394977 67647150 
240918576 434620238 134780724 
604701697 477751759 570557278 
995344836 533171093 781431496 
626131437 710513561 92008049 
90057510 340861985 54892323 
470522871 607476669 70142151 
504290979 298582558 999084344 
124884020 401466517 795530158 
922971404 926287754 222886665 
606183586 965656854 406434319 
250483977 299658338 572370739 
157108467 789398094 748584042 
997038685 863945307 388763882 
608553069 314642001 828518138 
63218220 57508431 367201733 
745740502 938484950 342372377 
232258273 139673460 310865631 
72149032 148650772 200266575 
744107824 335360576 950108536 
940779488 294053783 344843895 
903562284 309587604 375861090 
254561521 767045042 473150205 
991885310 863506279 975361176 
760100920 6905388 441364235 
860273946 446630542 498011299 
296223562 539013372 165129993 
809476928 594958225 386885555 
967779839 867946550 854459998 
406707248 952178028 103961212 
463476590 370168970 376259565 
35309144 121352550 647904751 
864026352 954857186 501842150 
636475679 517749925 379867136 
999555217 463759844 261629999 
346448601 586288862 62966959 
342954794 421952835 959981847 
980851024 515776638 541779236 
152344857 158257954 100113112 
628087216 833181808 456050411 
568527425 316405010 563982614 
345554441 838237844 234812986 
25718164 47266271 609224785 
57711960 828231915 818441031 
121728612 878167655 731827130 
962144476 431078576 651561904 
600684052 316355758 195976808 
999928931 14766567 868958793 
740995707 873109090 237689885 
994513476 553726961 610279137 
288695927 408951226 577594001 
167876862 784793537 779952826 
788587856 502817481 95853805 
106883792 844812019 636158694 
373766801 25161839 928386281 
856474463 768120779 184576945 
410475914 977430847 410365628 
502005091 174435760 279092974 
532928628 787972271 879921612 
663550279 823958716 181347505 
413975276 74702785 916727593 
157755523 396492211 554268337 
636493029 906211101 935604567 
201057861 874621481 371444735 
966659896 851491441 583801151 
405198260 357869220 156064552 
431118134 776525600 762000339 
674613590 544912958 377205682 
283082359 434061672 865168085 
626619236 509708091 603164736 
644407782 302841549 512410323 
690799256 392067475 319267589 
534764806 954402613 642816733 
42449892 587989404 936454467 
40986902 906486093 343235240 
270646223 889302797 767653582 
616557901 22789423 849472186 
276842794 226715880 164286441 
922128288 348564420 734485721 
355713305 26837902 615933945 
89205660 27489050 351917049 
796621786 834230112 988562292 
406601024 484621695 934724121 
178664561 746184209 812408199 
712376340 382818729 700948598 
858431274 214679899 980133993 
280591858 290792716 946774354 
675549386 338138020 441006481 
621156819 464521725 985914633 
105838169 666250391 481392638 
181725764 853313711 346790852 
828873270 344311034 840650410 
836751511 968188588 929950271 
510261841 473148438 855567516 
355382259 535912117 794888003 
216845514 200319527 544170978 
609460549 365743181 67534643 
656714237 142786582 883103015 
449139490 309100158 270966610 
890250676 166400894 162054806 
668256250 307847499 521970009 
504653191 986404899 476583864 
507826619 441871389 582349125 
597520854 31155 28334211 
509098959 837364520 703685179 
975667008 51303472 922374420 
458220392 279458535 444267248 
815597083 852804833 445727772 
409618146 182425009 896342804 
377931676 160070340 881285175 
680454033 719825245 606305624 
90981359 166042970 194125837 
30547384 38990413 554767772 
337944393 290721326 624902221 
511464553 264400007 332214872 
156004619 405630369 674738803 
824560795 694456388 524938722 
959950986 98400427 770061098 
567092988 567946182 489728923 
618381674 705673351 242981567 
848639972 661947242 244418203 
467560288 835241413 532239655 
979777781 721666847 70078912 
828771730 539280116 885656652 
629143532 477510536 103900073 
828651772 253576527 812316409 
196155978 593774283 881648575 
314312301 66278370 465054250 
909518719 719700444 687214442 
589166277 735374476 483350551 
177677315 477583139 965373736 
713762383 764002603 714387696 
592805959 928095773 414546699 
417984837 640873913 895564248 
399071974 434784983 444107410 
324409933 636266907 771159567 
474279628 690341096 846859559 
450283042 346331232 824205856 
341050806 6939589 915371282 
569013523 363009270 609902346 
335390027 321715971 938289309 
365864521 602860156 873230113 
435165683 516992760 516369482 
64054572 951337561 484555855 
22319694 325132790 479409075 
267795777 663345124 306420425 
350260727 901612847 636584848 
381107142 351979724 602616325 
323038407 872969276 177502335 
577408720 337592970 200774760 
358836125 69715361 630432448 
781435525 703892410 744048098 
954959176 407822725 80365935 
662000006 468535922 780193438 
970292170 80438107 363768046 
142557644 528698764 349614725 
979721228 593609256 505820630 
853062560 582785323 620974508 
81931358 701746908 274268880 
715702729 534475090 847660490 
971479827 753507312 307186015 
781250005 889706800 474134164 
773446498 196126267 629006185 
300751020 903995616 335361815 
867910694 803754907 894687657 
243808221 694395643 95743429 
616779045 341833094 67189066 
895961769 411754659 432703344 
239239882 356670677 542738219 
84202292 329120287 181444588 
827020332 537081691 563523131 
807808664 789201182 718772138 
476139127 864940818 662819440 
924433630 488166483 435217282 
985011882 986045267 316333284 
452429924 227479065 714448430 
253305321 885461798 613675607 
319895878 613446507 916048223 
645088865 581205657 637054251 
594896609 837440584 486619897 
772202191 836998602 315715363 
162567295 897869815 682871638 
108636540 718973781 370038768 
359150515 242375042 530166961 
897769111 895391422 328598044 
900543000 468398127 419395804 
987984858 663407994 805248044 
299718812 375542086 224861603 
478296053 701348071 678199024 
16329866 349256847 402113557 
902153243 508713780 437263801 
722388930 289117857 575405938 
964929224 647052689 545061773 
579905974 663743055 680109458 
691596178 656344778 793363287 
136262487 402598959 525905910 
28142534 462817927 286524825 
327511080 511166190 775200175 
389144149 479016722 703693392 
843254752 152577003 938114708 
349237937 148550956 404039709 
602269910 128352503 250299654 
567411649 241084566 554749403 
201967432 497225043 613561370 
38539849 990294059 821516659 
422591920 605773969 622924209 
918174401 158593492 304761179 
481192526 905990533 751385634 
52232848 866473324 433189785 
729035428 107042790 684791411 
326671522 778302361 249375417 
205192671 247074629 948801267 
700908788 570578729 435410572 
286842566 638942499 256756527 
629173328 338041210 909960644 
907837337 619695309 512805957 
532337818 178190702 511779846 
512575911 217131273 853380631 
52585872 831605370 841842571 
210132287 874448123 305004546 
743229568 893286845 358991639 
906541641 232220875 966888533 
361705292 189599257 635120752 
628659047 497431306 724787242 
777502926 517423072 212707476 
382791946 79060487 669407318 
208917051 748672232 754695832 
97035388 522967929 614360138 
190920587 500884704 46810137 
902079302 437704993 840840836 
764283801 986668784 659854421 
971378398 787982634 936965583 
392476440 440072025 718308035 
57575388 789943575 230178268 
79930140 269377247 579039446 
967582972 887638558 106209079 
679229820 995020001 327462932 
636926332 955679869 211824832 
217818853 157154355 622518213 
796373519 473925909 146084534 
842095403 416887832 827325294 
546886348 322206967 936888099 
107602039 921995096 21619228 
360926981 175752853 717933347 
408589234 146857137 900135527 
822355869 933397613 397157030 
668524497 265118120 852810113 
373169042 69860188 46630327 
190345288 138934541 852198177 
637019099 464090998 919315380 
174111814 81246833 426726461 
261418306 33243657 531940048 
143841925 320050578 275327878 
799844913 19692558 747741909 
704494569 270814283 569448667 
778952119 310191298 686354779 
217044357 67129516 373268344 
32816109 758955688 920995470 
96955597 891325254 504715233 
569370516 629667324 333463979 
209637506 525329204 239852618 
167359626 259022720 478702025 
517738925 822944205 947330102 
457262336 519142926 719346220 
333612163 864605760 783900485 
421632746 154042046 459313341 
25495450 443096009 544287382 
503332481 688615978 174867694 
135544963 668022918 532047180 
561588997 486998233 37103981 
231880837 255644110 469610209 
257442378 217546559 441508733 
481255788 587670471 124677838 
586682174 624642874 738810029 
631190874 586420027 204686255 
340052332 225802767 21044819 
835366974 345301030 150614040 
821250136 645427865 879527398 
130046253 471610242 89968412 
175309671 949531499 349173803 
840119144 954162052 135933797 
325698486 59361034 73894742 
559671327 608068693 590896216 
313171147 577888895 786065319 
658971626 334997692 631484354 
884226749 90465738 722495747 
569011887 615196016 92666995 
700901379 714698533 343130334 
166105238 701832563 545115265 
527536948 339201097 823271594 
109525342 376913434 838851966 
847383801 497852865 500270036 
549571418 138880562 822973627 
853641520 819338150 754839644 
941823509 103283723 340072602 
918837518 540782035 504775188 
202829208 930747405 914639404 
514641580 528486131 82700947 
139716777 307888486 228946561 
432946158 208317224 403388939 
384203090 597764476 359693495 
592837071 232298157 360835014 
315726831 93686239 751127652 
449148925 847960309 277268928 
854678557 41180831 680988305 
863363618 87196359 212794440 
119019193 904421166 586236698 
492076280 195452295 539679552 
321398568 352485907 3570726 
932282466 813090406 681614718 
904228155 473507942 952834423 
586105380 584989761 165931091 
211026740 363247186 11729633 
329390578 115561741 188358015 
432508485 387588558 680863215 
458042294 521036867 721048119 
580766907 851540127 422670514 
464559275 785838057 854198925 
94660683 192345902 840758161 
943960841 488656050 439632022 
237260194 59314902 200098401 
522310670 963591746 443501508 
901114700 252792192 914506742 
183443364 741505695 298962557 
343874807 295570023 618036525 
963039251 572286618 627032381 
10145669 193219937 33985339 
801334967 210111216 812914756 
881575236 356657613 141184297 
509185062 372118264 571987679 
170599676 602386536 922349492 
742719103 897467587 664053457 
778208725 303124117 236452985 
896007718 155872902 357254359 
141429806 882041950 658314709 
676329157 960956336 97504474 
650840760 682808471 621727378 
96562505 768809012 307249079 
936765215 367976595 309084965 
143096781 426041881 504066675 
934657090 714719277 424311226 
370797623 289927255 685523139 
420313728 790239830 878645764 
12155819 709662992 701743603 
605467123 629789038 95204056 
311460289 744964704 363450074 
30168041 10837070 253779413 
708501044 610808892 846517295 
480692467 598185940 601786248 
227782523 639914428 715651445 
365835137 356755638 515516449 
354799876 264690201 888942859 
274560735 594645435 230901040 
109524603 709195416 196656015 
459559680 64830220 678268870 
107144326 73537167 897113462 
955920126 247171128 814574680 
750317213 775999435 236553772 
41478121 170841489 513970439 
502595952 408109982 336563882 
746018641 63096344 930431681 
352857654 129571095 763070320 
964249831 478184121 110648135 
918335220 496572965 49643921 
292276057 771257343 160735645 
585043265 344413824 393059103 
530537427 941469764 695821717 
143162628 572686634 277518210 
633012486 795792118 687210912 
78339180 164336510 902035599 
430449706 188693196 460816358 
565075876 644242834 707155984 
74401183 401571009 758839424 
44741379 681029598 509929024 
610284165 993805459 504910827 
441658084 233490864 178165848 
92521375 750359509 456095853 
674843596 266611675 214402185 
595682103 339082262 282294533 
734328431 540718200 744079755 
888502600 848292901 560915423 
231316338 155019028 633189124 
62763910 827077776 780705815 
347025988 764990987 524364628 
597330335 68858483 677556182 
723464001 841315693 565352181 
749169643 555273876 421315572 
554782956 719628574 609663459 
434137812 440070908 890303125 
450725826 140683339 721199537 
340717610 899953991 102359842 
589065215 188458271 122554542 
600471874 378244147 90826087 
466074542 369758154 480591685 
867640902 27098182 877556654 
667563115 909963851 964765399 
57062361 324798436 805702219 
781240793 193388233 91358122 
643924349 654842655 832174195 
451972117 370577240 338307982 
641845365 695737283 608356527 
937004702 163422101 98331534 
827615378 89683938 158116809 
992120501 534706017 132422641 
418144211 346321692 366266503 
461374309 641880287 569520409 
571236981 159336386 874671364 
548151290 986137023 841760655 
566864654 933121145 173685684 
577376775 27573255 297821339 
71299421 785844462 245760047 
133980639 647090 826006547 
970353867 520024386 59228568 
697049150 682625034 732750773 
546909025 134147591 184604386 
271258239 466617088 205350217 
901593415 953747044 438052149 
88729985 367507745 238073808 
731183777 630496081 23340555 
468380132 610818551 980815260 
797197470 243304176 58809540 
355812880 550978114 602336682 
598529957 18790931 489456814 
658916837 8819535 298394266 
617090573 35146472 207408216 
925724608 603893760 791449465 
910075845 918372645 839017648 
941314930 738321219 16082982 
424788531 109746106 629204032 
322446022 714358800 497197432 
90912629 694129336 85259324 
384284276 198012513 967762248 
473891133 322972459 773133821 
209252195 266735307 169518926 
787700302 739662247 254997510 
227760035 776107964 510090114 
400905091 882944536 876541110 
821372327 388283832 182729202 
519601349 872575035 987050427 
428923614 842027076 854163713 
842541850 113626659 607777703 
193123577 642711826 566537941 
754435475 833319398 670880755 
247896843 499588412 806049003 
717598150 344545762 854006393 
463484274 3450165 834952578 
422337575 375329727 379768771 
98125561 559058596 192196888 
710462990 371636867 526041204 
21860949 559703250 386240817 
628907347 706487982 781896465 
321289560 439666932 539471749 
526663796 143482934 615040479 
644547780 321756799 509069713 
247283264 883095440 547991574 
123005721 416782276 163749357 
15111571 296923836 36379194 
1494063 307750894 625856243 
253054807 153854413 730393177 
909256579 595210733 207356467 
217953380 726555728 142010458 
957929000 736653451 984682029 
789402274 287955674 548258452 
135283887 62517644 568836633 
102514719 762017790 661783509 
761730576 900356299 907631220 
252588607 700590200 512561669 
878611635 844929301 71665268 
983365341 741193089 361666777 
762727301 339605971 975170610 
940945241 275965297 674160942 
769989401 637336754 177496655 
327077594 441349280 663194331 
658774312 827234024 244843146 
295852020 103304632 298780566 
550974885 316381698 414625053 
45111026 724568771 115272596 
107131250 196148835 289394347 
120579126 929957324 276482803 
778097410 457533493 59044236 
584438285 85603625 443046049 
342787341 349505983 39012140 
687112057 399982625 764246962 
13958138 528427836 992641329 
930266620 678396819 70413753 
834645449 389985580 456230392 
25962287 940915639 83610509 
920214764 593710480 334316076 
135295434 255338784 455453472 
305665494 322195708 9521952 
715372534 184134333 349739164 
544930668 286021804 296316164 
707338272 140594124 666965310 
944670498 140576535 728115294 
598756753 439938731 454913645 
491998769 290444476 188651525 
593999702 100786386 518991616 
847204521 31320449 81331064 
688266851 198757664 497436198 
532856047 806185791 620260592 
285167370 221059358 331116589 
226039560 439877072 182154604 
993301804 145139460 836518978 
347465493 427192438 76266929 
256681924 503017606 34496304 
587975423 566523994 250964241 
362672770 102416885 158282193 
99808935 172327503 787001010 
936949091 916113388 901983048 
638604221 59998569 969444312 
363106160 720598211 738340999 
610220720 109508036 48351597 
399631782 30462214 410680460 
8757345 56426707 656913631 
821431455 368019108 951054493 
128091258 393070386 191593840 
390953398 548762773 850739540 
655605985 844658237 183768906 
666405269 255766812 884681254 
143985407 7189752 456262505 
174568265 23003609 634176424 
828797536 949075895 510963085 
809002920 521485926 833849177 
44401390 106834165 409960786 
930036462 389370562 966484548 
255300519 978570441 32835921 
762318495 346059624 439253158 
188193969 191009395 925218714 
272812554 447384206 97711826 
229970935 918182538 292220499 
934602651 470693875 312573925 
678742367 905789504 189606357 
22163334 505481132 528544000 
773024586 513181797 828845154 
240338440 202060854 182629612 
433369663 820290642 270956296 
676106162 705901003 503614431 
676338607 756572314 601426312 
571731974 18270450 728125542 
279810111 766442813 487612617 
310449857 633218743 302919219 
447007873 469798958 765670831 
869994559 358642986 510122578 
471164012 503255315 272531397 
890317456 152713363 824047944 
962587900 723929278 148513027 
67951199 322584296 211334231 
130980393 262075712 463683461 
662939962 694359466 141462827 
630393678 398525527 730412532 
186619185 542669681 593179742 
4001567 417778327 501967419 
940009516 22029286 291693480 
613297202 805995745 174401522 
288228129 450584482 796463987 
186710035 305817493 968430579 
341689759 410443371 426314145 
221447406 839319574 128785376 
551361682 196665365 731363290 
495019194 38217471 80201752 
356961195 36616397 632208885 
479144056 136802769 153419310 
164173282 115995739 489206514 
941195973 831646182 581259724 
635675529 279021821 202798176 
331290122 952394395 275616697 
891239106 17956582 122765184 
985258736 514042979 53929879 
296317673 25248285 958895553 
700626130 867532307 269442421 
270339980 16354008 398536711 
943890902 141450371 155345500 
693934720 416964353 220936296 
83834298 396158138 956373487 
590562666 246210844 253070088 
450351100 590824941 707289256 
149815231 152630644 56595372 
798634671 498733900 763556391 
118975052 176580394 736445164 
661544296 948506833 150206890 
234366765 556561683 673030794 
758091001 441128077 640410615 
404683701 615948463 184848725 
657291701 68470834 285316519 
68921232 106694773 832046843 
860224963 937177777 153902780 
365916218 10497757 875831283 
845361141 861763566 502860946 
664261741 457039431 744141626 
590165879 156567824 472393270 
69107664 863599223 353383005 
63715808 404663561 778449379 
22674515 350400834 972188287 
830109214 817283203 669964884 
109087605 117894874 231136595 
693121686 366262978 719954537 
39960738 117525440 413039417 
884805810 781285335 525844198 
484486070 676101937 502060998 
250037597 263047387 639464526 
788108305 71848460 572920927 
824975964 201484166 772133058 
344634301 500677698 408584165 
92651029 34791528 433435425 
986571835 717788543 21252246 
28258677 397897646 660770200 
74464525 279995349 133445450 
822956615 363838736 883818536 
339728295 801843875 486135141 
845284087 670670454 288926051 
458787481 919275827 962742874 
917779307 51633798 352587853 
665425632 810230029 603732516 
10756235 276421188 357069522 
549226211 181301847 97241478 
742297322 578298684 84623990 
800287335 871593362 455188971 
864839403 124607125 180353093 
419667081 534836091 525630961 
864560530 816177273 58596605 
196999190 947836315 787507434 
954695720 6998626 617697011 
593178058 27613706 236107522 
291323732 45848088 200199375 
150095122 462517563 678106000 
234043854 411416853 794295947 
793486719 732826936 635762750 
90843135 405509360 977065066 
745935905 587673530 19596695 
506181209 112506207 773729642 
22833938 382371916 7309019 
893798924 857495336 289703524 
375455071 631543636 507770242 
251038900 782374907 817922965 
238209349 499602849 812320633 
374817322 519040442 974169900 
956787243 24317701 751841822 
385896947 817404468 782664490 
936318028 298338259 672132468 
658691114 540893174 405357835 
233716976 670714622 913822064 
976633702 199761057 269556946 
667203590 241070220 681445346 
988154862 474934776 201966140 
391910206 849314142 127926189 
651706546 517417174 778644689 
240111826 51165507 567928615 
620688808 568080167 110910747 
43569991 589191828 359146711 
302817710 78558238 303653272 
580384800 847765199 347733063 
839544995 831920326 272286936 
844068416 906783716 951894134 
777931138 361070166 577814424 
874152181 934126124 941796158 
164019258 261094014 549838950 
76494202 723692920 129972803 
517726701 205599355 767182835 
151988019 176341927 612187492 
580757734 422589476 213413869 
369183013 314725025 175324775 
993896923 350346473 422442061 
518578058 213486174 162536536 
927660914 94494039 678986019 
347622948 633668139 955093195 
561725044 507662371 756100363 
255697360 305112304 699643686 
479840338 838897476 508131535 
645887339 691462671 963524681 
346295051 899999784 823276174 
400546124 65454425 704000220 
218489204 224033375 437002989 
786376212 998161824 953064244 
617653407 80392570 304168819 
371178477 525398433 284244400 
834570883 702546274 587039034 
208816206 489170577 71949735 
721403677 176176960 865632335 
905392605 57241210 339843169 
998245365 602875918 511895230 
462921142 35800502 683677922 
519130263 242031974 5434034 
537937913 897590015 545127075 
740770740 903073553 297994594 
938702139 926509313 416685592 
212859929 12920075 287196819 
478864347 914060638 769467791 
196287964 290557585 88976161 
126700071 869723917 694080290 
510564284 147922031 779654745 
662469637 486718502 678127992 
