692
869705577 182968484 923661915 
701986385 171313355 511654941 
472138950 787655069 597887571 
169009484 306677813 93323234 
262096223 165158978 608357837 
845356692 955189787 290636262 
971123374 959289542 601060119 
396564206 979247923 526640395 
720231325 612156277 218287377 
42470805 518201918 446484463 
266821245 581593595 492823852 
148661588 194985641 552219732 
304371352 218228987 517384272 
914099576 986906515 60323125 
925170857 120402965 194445514 
250755191 884955408 976439314 
901656779 40526870 220447096 
754815839 639266992 377741119 
340949241 522929557 401955263 
754869223 863533395 380308048 
240756269 372720252 506530619 
445132487 934587116 820601841 
376501639 709301658 899423153 
755205421 995127029 690809651 
939396203 875778171 431345015 
146470475 524426289 526032205 
754446622 839021522 207189610 
273660488 556000088 196175334 
567210970 577159934 598549031 
231758049 710866444 861019387 
358033987 271182566 570975429 
582342825 954574748 666613549 
977575299 385127901 449310721 
730503411 278975320 279269923 
602880104 384463564 299019738 
833951377 58992749 779578244 
582262029 892949006 78012324 
829191126 398300517 899707785 
404769410 927662206 210775704 
447516601 682047272 828592012 
91291077 265900040 925117469 
48050436 455378914 703403791 
957446557 440931923 926102052 
266865686 710504858 839141945 
216322584 401652157 887495980 
149430863 223653139 901389497 
995712546 149897023 554186556 
232963495 338568802 321197205 
198109290 914074184 406494 
762414901 220278148 91465140 
961386392 295799924 816464916 
427110222 8778911 653327472 
277758744 400375323 745600646 
480601775 80936917 440202950 
118114234 740800913 999625823 
459439546 34785581 271797096 
575465445 732220629 969319974 
495189152 791204710 530666997 
103773424 742527134 597557287 
357701822 460232005 178618704 
243110736 738411103 504510942 
617844406 755158600 710789090 
280491587 319261859 908565350 
976989401 631265591 311064525 
567506409 478124436 906850356 
289537096 648557036 17889893 
120429341 159696233 588460839 
437348452 648297693 710047802 
622136878 579307400 743811595 
912433863 456515060 652153795 
851646057 98825190 30654625 
309689014 600807382 982015280 
780076563 682442331 619140270 
126674173 567998596 881598198 
777526621 604595151 849137342 
920192542 174298234 93176648 
837265669 947395796 316987508 
747056906 924327418 232798676 
465126525 50503367 120092824 
152480495 625849450 520839294 
194859426 347532511 98453575 
639800791 382530883 823027103 
663306148 588343939 790215761 
435549165 842159132 873299173 
384255174 617725085 676171548 
307251164 162985402 40653110 
52100024 145281241 555800486 
350722390 21186171 774230793 
657968477 479291192 50645080 
947167055 4285816 555609918 
201962509 194736938 272727751 
735436785 983362788 974329103 
573116613 313292345 235332596 
620229477 49121426 215405186 
152862580 927071472 166897365 
327730743 696891621 617482155 
732078831 73151884 275020524 
763869672 443928869 353382918 
15737850 469421240 432282232 
815132528 593396029 81292179 
485678500 391603773 736708903 
171678079 175315224 220361270 
660356351 65629684 787210829 
396288087 802994854 199940397 
960712788 710071383 923773117 
444072767 114435697 756525820 
140329601 730247199 748779263 
784232023 525020429 627710296 
318709058 453264656 193942573 
311896380 941743584 862018711 
900616687 777027661 220027193 
673460774 754944897 505233772 
819829604 379461166 433048102 
391576982 422058279 389628255 
522027410 877479601 867694647 
384205530 240100669 570297946 
959303510 726397259 29645497 
199180460 860299192 822084487 
919995404 496366137 43138052 
764004813 569931174 858859557 
462315465 146322640 833440349 
554963024 835421624 609299262 
536935198 908388913 393298807 
780883587 149083397 342384371 
387258977 698670172 915104273 
158174093 285875355 655256983 
685515759 567501943 487287788 
54664703 503791161 114711999 
231725504 42320056 472310867 
406607649 23768986 328349785 
418117178 768874592 23880797 
353283287 155932342 520227135 
750650722 711367889 287555581 
168538398 328752003 243567037 
405630076 172141125 910705238 
259650995 701960476 398035672 
145297935 441649779 173830085 
186399221 621986233 202064550 
729786370 625344453 64531664 
691331543 871351719 380831535 
966561864 162308963 814795492 
401815955 684119178 578189784 
983997459 498278021 756648250 
8310047 297612302 921932825 
392946748 835313879 77422759 
746139795 315266158 797069741 
619687214 869667639 906860960 
545059360 931869485 347792048 
763361234 929712526 876835607 
928315276 583755001 716109922 
996141933 208148273 41091840 
385466450 33103932 835220397 
212697599 696166101 253311494 
202192775 797582540 274894968 
970119932 946359913 689911845 
279518166 144638512 768702113 
251127929 771770692 448473610 
991400711 826048017 908906672 
316185098 121665163 440301707 
869945479 1174359 26297957 
785240003 329544092 303051903 
874012408 384280939 797141991 
430083174 779958418 81607746 
23123722 789604321 845126278 
836691347 959994766 428563924 
355218613 46062177 875250067 
997193844 71311190 223179373 
82945490 822165844 321825318 
857322407 974367821 887134062 
840690205 112856673 857144050 
461187583 998921701 147732919 
28085516 717047831 232364479 
90538728 741346783 230411988 
891887531 716336356 463943380 
46429550 642014227 183557057 
619246857 65613712 444486718 
458078850 434227321 377211838 
835246731 264244607 845904256 
334611010 305423670 512061993 
963749959 815968136 331994504 
629888225 812568857 102664096 
553538548 889723040 268830757 
494770485 110974744 214833154 
479811012 822741371 509657786 
85623050 856786052 429918181 
977876977 876550700 15753500 
352900763 181067803 146874998 
55464260 590525865 929389792 
551393844 215455235 432322755 
74834967 827993905 371355381 
355358781 536551773 220615633 
609241989 852756825 649438182 
723294533 128232266 709438247 
187087770 493418328 264005131 
723612663 353714489 300477519 
592325395 713915160 161097075 
81063647 404383402 200816309 
35314855 153639508 469437399 
830886156 197916448 645650537 
515549721 312728877 789020351 
457337517 295702349 313031788 
933951021 166626249 449523062 
111173129 598448046 344258323 
791959878 822070535 593244021 
319457683 757937703 363663645 
316350493 224232542 261465254 
196691054 59609055 191517847 
123535227 308538175 948441296 
968625940 970716993 47996115 
678756821 472475952 858834623 
897609388 398623635 704870997 
564473675 384386193 204279331 
256652036 862733872 500752397 
365815531 467518524 1598839 
546699488 798795755 921372429 
535281132 432406682 378368346 
226316157 728340289 597039361 
50167222 759654925 206892652 
972086832 330314320 357880730 
946196626 116297506 94192900 
105152185 297049880 657781229 
755278476 438505814 29300498 
445152503 207530781 391072546 
872441944 647412658 304623834 
518191828 550038184 911135471 
478836629 851083212 577595897 
680245639 663194437 101434639 
597644426 441720491 943951870 
140256411 744212073 986824629 
173184257 102551822 610432188 
379356965 224418377 418825567 
153879711 900965284 210609761 
719665724 993705248 9175152 
318874111 677099104 289165388 
24012186 280901818 548179072 
862909854 3122503 917570329 
576551761 832351112 619318862 
939859890 722893533 186398684 
57519429 381430617 961493124 
203512503 633916861 387483536 
788752400 619043986 316405260 
370029190 483590077 808388865 
896690201 171800008 322312788 
10813313 48682675 23212931 
98321871 388074119 946614612 
118578730 815247282 194717881 
731703528 991178365 451603885 
810673790 423870642 113245261 
907409919 90287306 229732509 
472846207 700364884 131959616 
382010889 538648594 39246746 
690391254 604583511 712118709 
131527404 396226182 376192670 
150906444 510710346 190420349 
165429421 677107410 685411438 
561864707 422893853 269790220 
604873387 369333943 924179738 
34989874 129339697 771733207 
306741643 879289683 346809294 
871375707 865334100 289138918 
404727750 416552529 564883961 
865583958 619344074 941615218 
44757813 330897932 2913952 
73562917 93548927 621906271 
150411247 271454464 756308983 
585591258 401310604 327253939 
833416528 923309769 936982052 
735570303 740985338 136972400 
868046707 363370490 741413675 
255460826 376202291 129272218 
568080728 556382111 896149760 
359751663 959391178 362670308 
812218368 390924185 944670994 
974375514 301535383 896900208 
155071033 759971978 320923528 
774023268 178893300 833710566 
486796973 750054861 254989725 
100551079 161186619 160564545 
909773945 839090295 306680151 
43023006 851215677 124625338 
717533609 713858486 493120688 
444123650 199644745 778327692 
739675745 952337593 57537859 
643002850 21159461 877886834 
98949553 977227244 830291529 
627871537 167558728 359335211 
474733681 571233945 547147924 
661937076 438651135 191829280 
924250091 116897921 663832356 
251381538 773482281 709550509 
149696371 280247137 530699324 
182614252 560544958 654456890 
474659413 799386487 680678904 
667153842 719569174 738970336 
6122521 637938563 51560199 
271650155 794131125 537876000 
947743525 297178379 385548712 
308643907 400153815 837003327 
658597641 410717859 82233781 
82823275 438970659 205655726 
244658377 767081211 227976176 
711243044 95572786 67744406 
657147055 298475383 129938174 
406651068 957762509 39165620 
739269681 8790360 180825987 
334170468 471414570 412042943 
188843039 123178367 559899840 
608587059 28040055 538892987 
301013591 371404376 897603051 
363433821 254524000 113610908 
100860464 197398822 497499992 
871965208 565573234 57219175 
690281505 969525288 611748395 
858096039 112226273 247670460 
247345401 605768564 422598596 
26740952 484766442 924775372 
448824557 828485767 786453935 
741619110 782534673 362805505 
129274644 427115299 631781849 
821867369 863532287 906819677 
650652992 871430805 101983048 
144929894 687128581 822674163 
497009075 661107630 297355733 
510813552 822139411 661271712 
361667309 756664791 460573872 
351103892 447019079 675395535 
745685984 409633253 896495408 
808585412 459371584 276713154 
352440291 522700165 787032221 
164360001 145989275 599233859 
9508326 194804020 954239675 
90573034 593695974 782121824 
969161952 402417875 41250014 
814324189 805434596 775049543 
769727971 950889741 423278456 
697481865 49567568 380740590 
385359796 5475940 56128556 
976553772 33751698 880526564 
216435634 226865781 779433912 
229147215 947733686 330274101 
687589081 250615855 269878426 
615151818 661826931 542154143 
747730063 527204960 192871124 
72881331 968186311 52591985 
153835334 531061270 892332745 
600447863 761642267 297715204 
393619429 950103076 938426428 
256640466 675837535 455981785 
323676449 658253996 379789228 
449652169 114188899 795848911 
565705229 68112048 944336424 
90251030 432781600 554635870 
232328774 547983936 291476262 
381594908 439030945 729059939 
889971379 302186649 430729151 
273592990 373132648 382939353 
35733378 132707510 579346156 
889896445 94116685 676308698 
720021907 763320671 627817508 
402710115 488051222 386385427 
599311984 789805666 659341756 
932956815 668632760 335375275 
661231098 768550930 499879698 
26712775 182259191 339645147 
504327614 852199931 564367580 
80608754 435622484 289658754 
223305906 75884311 693389868 
265475728 136916344 543903486 
339703850 502216948 787713827 
758110920 260550947 981215115 
910282790 292008070 707290877 
38091262 698722901 269916226 
217580523 796814380 916692015 
125713969 764350609 838025545 
688126517 682087477 732216503 
160226847 443865558 934070714 
380615169 6708207 224416178 
908022241 402318480 601577416 
198633152 854208850 818710172 
747684602 164752005 376844151 
685528735 976958933 517395574 
516471804 338627028 118958622 
14224695 354320471 838639710 
602753367 715715443 216380944 
583788794 590551048 936865986 
863463553 904487410 781230374 
868293368 494171386 310527870 
971397798 29435639 392948231 
883437889 1255993 410048723 
461324899 615655717 889112589 
576747283 291619805 262465224 
273692653 570563065 424240711 
727618989 618329645 913652957 
744984983 816023413 728819976 
313427226 763298945 40247251 
154915301 165848273 60095025 
939762818 401388104 973384809 
708688535 637207297 181156003 
871907371 765768834 255126808 
363877048 192507259 755776136 
88925968 725735230 126348657 
131447363 142313572 388380226 
104694441 72962134 559019670 
77192839 144090975 833236500 
439346311 704808762 567702571 
109823590 533918188 419786154 
25598149 748720516 954536993 
591784282 544317893 156146677 
470905770 790930864 601656454 
985599446 695012804 347168097 
573188377 945336475 275808766 
696416680 374589153 563754002 
238868664 287588037 333042532 
726091607 25007782 710680987 
938914121 388096903 551915095 
43284235 372269564 839806101 
310119932 270665867 929295899 
358122974 355092514 52180380 
753263602 283840504 223622421 
530999240 573399709 105520472 
151838971 569207289 612386387 
332162162 918881435 832754131 
53094357 902544434 355519660 
765793836 984996795 832706544 
293065576 408273502 845722023 
456599721 823177363 945643804 
722450522 268964877 620526739 
40497770 558261652 204005702 
448731623 405753670 135621327 
918973554 961921189 267937875 
616047480 236310139 740457545 
744738395 502271714 72127840 
279045494 90853734 81916369 
534969632 69978278 462430694 
649510181 589216473 37459944 
456522136 663693490 336237152 
223304213 275470327 218156482 
535662306 912842162 333811691 
943298626 611285063 235030387 
87731074 784874532 872411869 
675445954 527808349 582172267 
791314353 640328554 594230656 
967528268 144605356 126156184 
45709307 752706678 185572992 
996345011 628658796 478243675 
442880134 906062876 287682396 
20458698 45798689 214120065 
813541432 323999778 121456754 
508961804 943146881 971072873 
939376199 405575376 276181148 
683610256 856216057 467834556 
92852812 48040134 251045363 
921921297 833372775 741445049 
382684585 168966524 338511507 
128223562 350037504 203329862 
211199584 76350806 288755269 
882358614 682785949 997178555 
767778284 650072779 901614468 
260024549 838244357 248825316 
392138743 690909154 526838840 
488038780 998819336 770355128 
757814850 786675745 84565311 
283168079 408535177 349626909 
468341320 602093491 262653617 
606848358 171554860 508731082 
676870832 452339619 677315347 
375530855 454660513 486335089 
357625717 615369175 575379554 
257478614 911620349 183772684 
198152478 836963774 12208522 
371304568 994207155 970877435 
846963973 251443681 836261398 
289773157 965693354 711375533 
780026527 115056304 258404545 
512400352 585366528 879433164 
89011737 851019870 869186054 
777009485 657424857 309795979 
285685070 903173968 399988747 
709146580 890999791 589487204 
704988827 304546391 234391646 
614130598 226246507 558283200 
500524461 858589620 223506038 
901363821 85463174 925983109 
768508229 693466952 434980054 
98252630 828477999 2849841 
133796481 492641248 786236913 
749480913 302698287 681003477 
897532898 729482565 469031040 
830283181 115993902 79233184 
501108405 538424765 121791643 
111147454 440251353 775158423 
173944337 692325554 514096465 
128562990 895808061 790625903 
468335802 347981351 838421347 
527370791 581842139 235584295 
172793062 48001654 681843367 
207943910 419733255 467089850 
23020139 170980858 930738787 
324189026 311253456 594363758 
248524273 867697812 659981508 
399435577 606546576 500948267 
164423265 982731123 648615787 
759574805 554858601 586951382 
421854304 806286158 743584449 
500735927 731888921 56582229 
834514875 568486544 143763183 
313069420 795487615 54715121 
99658427 38957292 656744166 
693477813 965326514 586172676 
491372275 609342942 734413397 
734164535 304883613 547979201 
153431376 315717778 700011607 
472139722 756183531 479674419 
488578255 43048503 275572509 
57149277 837177590 217579970 
853266199 933208812 899455583 
511899432 595683800 779668730 
304243297 75106793 985865590 
445462686 691012753 539547478 
205914746 457048585 193427626 
542108204 948286842 357197174 
530408053 844949229 507763832 
410885381 354707240 603974774 
438998339 147486658 125255072 
134597470 494958202 65261690 
257630595 934778298 844651242 
721871265 199315412 701209379 
434605087 865474336 898181005 
943269734 965556950 774481017 
633705875 110293947 490783850 
214981767 672891477 970018822 
970273954 470839678 283463937 
888454540 877393882 163382454 
643515763 204763132 259160504 
870167444 963490870 170802943 
970213461 999211574 777015317 
330446403 185510483 849442145 
802739110 469654403 424728908 
199284246 458560301 199485474 
616152701 15807581 878010063 
364312701 735124612 900486913 
444866062 606881092 390029694 
874695949 256692482 567448700 
461620553 987592128 226555249 
827475630 860180801 48860381 
900954541 258953555 775821316 
607030864 524717885 159315138 
803142860 226335981 257522145 
123267152 785189108 384036495 
428380116 346861702 93772526 
447549872 695039542 266955612 
993847047 103382925 857628033 
446411971 481165341 655130944 
770041189 467838778 309688417 
332523532 198470471 115569416 
66587282 565479187 702552923 
710716296 538836870 463514745 
916879039 620334855 389338626 
382725026 52429972 723767867 
234415025 243473035 27105730 
506961577 531252262 597694776 
438910972 845937145 243535 
255016241 144942510 403568318 
403411389 566272325 377858821 
294679769 707690839 192581334 
954248970 894159721 888350671 
716638681 398259461 519679539 
860273307 866683622 528769744 
122476980 885316302 241731637 
126478583 323798018 299679851 
441021766 846277851 823506970 
379370724 704020747 898811618 
219916068 58251115 446045197 
900787016 398503786 56550634 
18967889 980721474 153193344 
887578321 212712050 77808465 
745530211 90907462 924811111 
27204679 286555093 48043108 
477554532 369588143 929880890 
659104139 477521308 322792042 
799075338 924434069 354129839 
495402712 14541698 723886798 
780519198 124845279 49552544 
94303550 780863934 697384147 
178711221 998924219 558498687 
995485855 658443137 429317151 
919440909 673418358 796546798 
817372192 323954459 885931028 
498591428 721794612 460177646 
41861425 607669303 981635008 
262531135 173800384 529479809 
371116860 192262520 588780321 
509594781 295310848 148611344 
102493177 957815182 540275423 
403292911 730138243 964914766 
111708216 553660090 128980616 
329855473 570286293 990011519 
717607415 760247787 282969807 
208962747 255526718 504165153 
583990363 993295050 659789780 
641349350 390641941 503322423 
922796295 935345606 531259481 
613335246 432661353 818377373 
885079413 847656881 532337163 
208195576 38969177 530682453 
618551578 912680194 667935517 
697327483 728832128 899442588 
191680207 167978347 282853321 
881365924 790913197 128096399 
705606753 8884696 519756778 
402136520 525027126 929385555 
625800876 783614756 684269546 
35872976 961284531 365263162 
58289602 541608285 564019015 
336808463 437065033 34392069 
394096977 51825499 121944441 
48379169 67232581 806388239 
72429447 5242580 798290716 
262634110 412818472 66922781 
162954854 44592736 756549340 
824922104 209094147 792721731 
131263072 952365048 295367572 
235531410 942712530 18732747 
532433928 11293181 850258339 
951603136 708419536 579192672 
866234271 528906870 888004443 
749875856 660510789 492818113 
628792838 187629683 544966838 
721300294 570490111 8596887 
945251119 134364260 915040080 
101828792 226144286 903090923 
880972111 219352849 307388044 
87087341 927379474 422547540 
719192897 931650576 36576394 
71125208 632043667 397636213 
402955546 522229558 447355575 
658651468 259388114 109821203 
616535517 54263862 952023229 
442200715 366198650 651075243 
666306278 459159383 753402597 
159568464 998534784 576899377 
997023963 268670750 361789880 
220729931 478752446 9846296 
276607849 295732011 783121504 
432037794 601360778 481563720 
7014964 934621670 260358268 
595545956 550792978 840522956 
264309935 965444705 655020252 
635851701 848835762 207811409 
862895473 295370156 248587038 
907455149 995102063 129126699 
768620464 76124592 463596305 
469669681 40104103 623023613 
620040734 553274748 888933835 
508597784 677214680 862772311 
561738368 933686486 124177248 
984699025 659944543 780962322 
64723641 643127128 583465136 
199580625 155503349 829203318 
798414813 780603423 118795167 
779412914 638098053 298158360 
176587853 852869775 503212300 
59294737 450422136 55791440 
878422437 172940303 529359514 
894261428 800938724 387473900 
763853547 460692755 657758976 
415364812 813928999 40730540 
263350139 885328323 890405667 
147517733 542326788 438938441 
757738524 423673536 546944976 
954359097 27280551 270939848 
112158803 689739956 366040740 
2451019 406891450 8904432 
179933802 338307976 861542992 
894778589 565464367 350767552 
195039439 283166638 804625865 
447796841 930737843 303505405 
874096180 92314087 930236583 
354551522 173906183 730076298 
541744306 694460196 649540139 
514940328 573458973 514545163 
992677719 674279496 293513939 
88615932 462938807 6725980 
437632619 199744544 270017439 
116803225 525799364 403513875 
39258560 657164454 328929235 
590813926 369788241 532462212 
475404395 107467403 795630578 
406020557 508782679 424848223 
974387801 311586955 514668040 
615415520 534734355 273389226 
337576621 293191397 68416250 
672579885 82228327 183616284 
