93
79 63 29 
52 31 60 
82 68 91 
43 29 81 
32 35 80 
33 42 35 
96 34 75 
24 93 72 
25 10 19 
34 83 66 
56 83 65 
66 46 11 
96 58 20 
82 63 39 
99 90 58 
99 72 20 
79 35 57 
86 39 34 
0 8 74 
21 89 70 
71 62 77 
72 57 37 
3 16 84 
16 44 82 
6 5 57 
41 89 12 
46 70 30 
83 54 21 
44 44 83 
66 77 42 
17 46 37 
36 99 93 
54 34 44 
89 29 80 
22 13 68 
82 63 25 
8 50 33 
73 86 89 
22 20 99 
66 24 3 
15 78 83 
41 97 52 
83 48 46 
29 75 43 
47 48 47 
39 69 61 
25 11 15 
75 39 88 
56 71 25 
39 82 24 
5 49 84 
55 62 54 
66 16 27 
75 55 51 
82 77 8 
81 70 22 
7 78 38 
20 18 87 
7 18 41 
78 49 55 
83 31 33 
52 48 18 
57 69 70 
44 46 32 
99 28 21 
55 42 20 
17 35 1 
2 18 97 
20 36 10 
14 84 85 
26 67 71 
89 11 83 
38 52 19 
40 83 9 
65 46 93 
8 25 79 
58 11 72 
77 25 75 
63 11 19 
74 36 40 
78 15 90 
71 56 88 
95 53 71 
48 26 46 
52 42 8 
42 46 0 
17 71 24 
65 96 70 
50 39 33 
75 27 54 
49 7 83 
23 78 78 
21 60 78 
91 16 9 
