71
46 67 72 
64 44 49 
17 40 24 
48 28 22 
73 28 7 
19 25 26 
1 28 53 
67 53 46 
8 57 49 
54 13 35 
8 47 0 
59 53 50 
55 61 0 
31 27 17 
30 59 37 
40 43 33 
35 1 35 
20 56 11 
75 22 47 
37 36 74 
20 37 74 
20 50 24 
1 62 4 
61 43 44 
24 16 45 
4 1 34 
61 10 25 
11 10 6 
33 8 51 
75 4 50 
45 16 26 
29 39 22 
6 65 35 
21 29 38 
53 19 67 
37 23 1 
50 39 33 
61 1 57 
74 69 7 
28 21 24 
67 15 0 
74 27 32 
37 72 72 
67 26 4 
33 59 35 
53 8 56 
46 22 64 
47 73 41 
62 13 45 
43 42 74 
11 12 16 
75 22 32 
16 73 13 
5 11 48 
45 51 9 
57 34 4 
34 17 47 
7 62 50 
73 31 41 
16 10 74 
65 67 39 
16 8 40 
8 12 48 
52 9 24 
72 1 56 
69 34 0 
43 25 39 
64 69 19 
61 0 64 
38 16 70 
20 30 46 
49 6 68 
