674
518791911 946330131 985315983 
908581671 523803182 406648482 
246506459 573503176 475706288 
695174358 142274773 463172060 
660305587 94277884 319881154 
451438474 169384115 880552953 
494415556 993745909 864864719 
826280847 690373617 299472196 
234378318 968276703 917598760 
232654360 824903614 951681676 
294278649 470921112 441214037 
110209691 244550788 811597241 
622854892 799977594 823413618 
854622834 599603581 391077650 
69825776 954913702 892281485 
979523416 207132414 244861623 
148932669 595065841 240242523 
606586054 451008870 429816497 
82064323 155514709 332712095 
778025184 615195741 27729463 
790324595 104069684 533060937 
695700725 189384062 440062617 
424075793 389858441 581445478 
870734805 837611788 700731173 
213917162 256380728 588617388 
953962514 354702035 783153226 
331663782 824869096 841710190 
208165890 234253802 21462142 
976830304 13532548 985201522 
14827040 816839039 346963257 
428137992 982997648 848156537 
487909334 241332603 907837860 
829814929 90717222 280434519 
837867700 950796705 148937998 
270457798 504029947 377399335 
443887253 81073928 543782347 
709492296 124765423 475345265 
838161604 239336217 421418266 
958617864 170344054 981378780 
979113209 899330442 409056526 
824115301 636097969 572079258 
562490121 231573873 655052743 
737746257 919633778 245223260 
15815338 610404496 471510603 
705089830 491140110 677608921 
278399558 828513365 207408756 
75321195 278504982 978055341 
572746249 390788690 701153615 
664065276 897197304 205291664 
109267688 5158597 108536001 
914716951 625468656 427874243 
816768311 955552190 463547394 
567140936 539029071 934936439 
875199530 649974017 869268902 
754065253 945788235 364595334 
704200430 402500943 335186263 
526267302 656139946 812910059 
979331783 487544040 627053339 
385840323 227448610 200844149 
326262430 460103208 714682189 
516733592 588406764 936354303 
389438701 745447160 973857795 
729401754 978436854 84574512 
519325006 96826614 19873492 
660266745 352124262 864365819 
520120116 984126020 674633253 
59457672 713192883 933382991 
417297461 260856809 697934552 
425669566 125156919 141188673 
38047129 48849533 970802038 
977339607 369394878 154475234 
20165326 655654650 669449941 
743427320 696412773 774702639 
238290976 927992099 799140933 
850704073 954421565 253125950 
679215222 486992451 209460350 
529854040 311063602 684247091 
431110191 564943981 379614129 
107206741 753402171 542685101 
432629054 390673233 110289111 
789168033 956874115 831279475 
23145893 211872958 65154807 
966816808 336833562 922996145 
585909230 681037530 150016072 
128708668 254530714 356030582 
907701453 874447101 178539531 
482919323 323671223 187965249 
587641686 952332985 25734760 
872107431 215565400 463469304 
78695411 140644094 643774281 
689832572 892106611 855819848 
586200738 314200802 316256766 
27998412 522188604 2269227 
247436873 849817191 730634905 
480818761 953119061 110793573 
714956228 526091215 80451709 
268986086 421840800 28949899 
562273377 80710393 70420459 
401360968 110296278 142144395 
132980282 566771065 164888412 
702934540 682355596 384367325 
405898256 674155842 169969626 
522171372 524449413 3156334 
843514778 829363287 117965455 
800588019 61934446 751298842 
427083458 243610860 435885970 
984905480 325457911 238982350 
266856385 549182416 402511374 
276766900 405791071 663485407 
585670297 934335617 652790302 
106455011 74902227 888863729 
55342270 735823069 691643327 
225982200 966563111 17504170 
460232210 130328732 474483835 
525732806 292597490 339084554 
946250656 575360783 359795783 
404332203 291210169 193268455 
756431288 180856712 173083801 
688275558 812676311 484599442 
433212550 9296713 932960380 
609708472 831636455 868660119 
848487459 307893844 837763758 
892284736 762540293 598206955 
461396389 369835172 480797559 
955062119 756321575 636145049 
111802144 607226887 624528813 
195801090 650353751 693112685 
618914278 338509199 883258189 
941955365 902484258 300250721 
769083697 572427128 542050030 
531197270 62548524 604185589 
653806693 424266609 263431913 
240422939 117599171 113799734 
807213685 311694594 843991572 
212751283 787793366 910634050 
467464313 140667380 854309836 
319886342 8769483 397679384 
414244574 185566827 100109459 
276528858 608923241 618954405 
809972532 832358428 285753265 
788589568 557339479 942315985 
556777004 65238567 908923550 
791813755 597926568 410334204 
719695488 640872987 163846115 
794763003 846578329 47375358 
900311525 282451748 712343659 
684497224 102153607 884882917 
804290502 66071053 108822261 
839626497 411550362 712960355 
19608454 240977224 824239762 
538079980 397271767 836989719 
126554833 615881531 777874605 
515073997 654146596 967373091 
397919984 643695603 848634368 
613057669 965772840 310564511 
547453669 324390935 822781027 
822370047 805030767 706524158 
388676177 593129480 103316315 
533181980 307861350 34076275 
50700128 441282649 752189536 
561860217 682413827 118704038 
544353153 261391044 426698365 
917505089 890122382 149228407 
952261676 143750830 533953879 
130757131 363396031 147088616 
537469620 370188842 507844886 
783777097 184517883 343992038 
436936930 928390493 79367019 
514013682 28015937 602308450 
819685481 117250369 459803657 
901814577 789032090 946814796 
489369663 461399093 554586063 
181998045 496409266 555000333 
502994424 201204798 754932746 
668123656 104998727 492934528 
402816997 589763385 770026025 
702026544 535993671 714859918 
688172424 22516135 863467781 
220432113 941737349 908436683 
254735418 566776086 249264709 
933036838 53401115 255218105 
975295465 238679495 908682441 
734523131 612684104 732878892 
859779363 399344565 352123464 
324472338 348087708 756030879 
165172219 846575613 585850835 
894503236 128231170 170398822 
74662395 674066376 869343662 
226681012 582542430 91360060 
695309084 582940309 87892749 
411401728 612506220 849276689 
690738699 179061885 373276520 
15301952 270422452 466110967 
80770947 792596629 265039357 
558892239 266747059 626999266 
604887904 505926016 591443051 
408534744 265994694 777335027 
369501509 72254425 672658620 
629272351 37253370 884149834 
226388880 323172251 412904617 
129628084 560242027 414838562 
225382533 946505812 878349838 
916598885 54245235 894400065 
562201476 51837486 227651334 
391493765 279946684 815626201 
575933901 814060100 723136391 
893650335 214159144 614881785 
666583692 177254763 624905952 
716539675 392013747 799216545 
643281312 814788505 240582599 
275702411 99172382 536304660 
805307726 248477219 965835681 
852745219 290317840 417213080 
984044882 128049460 957902476 
386272751 107322675 50080305 
35024253 599507957 882992890 
466179479 645874742 416275584 
982834226 88324805 803735544 
114952178 652641300 8951344 
506086383 624439222 23715708 
238183627 49519765 364020191 
895124839 388425779 497622524 
755425771 728651630 151905938 
715159462 698973361 108829440 
63796456 378155381 174504767 
595572317 164466037 832376084 
247235845 143400794 39826762 
957767480 557283945 791400917 
926557445 634032713 228891760 
175538268 36871060 628204524 
148854614 436814463 66075763 
129440083 33841162 156346554 
925900924 773660010 616153011 
715963275 337991024 469461741 
596178353 880533872 898534022 
302049730 336953447 325226578 
350147048 456728319 849848800 
300691776 583029630 183434157 
682140399 307500202 835726452 
172781933 76577761 832357643 
760402485 153137508 619418650 
2658190 973251747 305695218 
426289948 335354399 572299158 
58645819 540187634 253097483 
453500662 754973318 915362672 
710986651 428344875 714140179 
121443931 284862623 330239061 
407087187 969867966 87201716 
554000561 364053633 492220052 
312771233 774728103 240519489 
188035973 195361816 635632878 
490127828 414401134 442632345 
530819184 916480282 586090117 
758241172 795018013 496284288 
335899024 874480471 943386605 
826226579 613976074 632270068 
121134621 151491041 430701934 
238299112 777695648 666067291 
108639058 48679860 144410676 
865996141 642443102 730741447 
398779200 845893667 906016551 
771537236 852888579 569153949 
490827749 67954491 563930132 
537799190 114176371 719942452 
554438985 367254966 243559915 
924120401 264044385 755319976 
125419199 173614155 32248278 
181034555 899936061 22735879 
878701186 38471315 994904445 
424418537 111162675 455865678 
23814891 96220359 943057865 
584323708 864830119 77262808 
202025012 399667747 686243293 
776532744 682733893 91814431 
32671778 501429251 812252643 
353494889 274294727 529285665 
543138917 730232578 603539360 
467441261 417133159 279459386 
207317998 334062569 817803676 
583379385 304605701 471905247 
112642931 790475051 305974267 
961023996 989054368 981632945 
959454961 157711615 450620064 
875004039 694731659 42498124 
315034632 928533799 981588824 
329449280 904495773 14958539 
460370813 854948398 880342287 
539212986 761310402 876199331 
826099938 21286248 893809122 
448514451 692640977 783371133 
444065664 877427001 342182087 
79461725 217158649 773627121 
415255920 723465551 839582570 
786157058 958964575 744780613 
221223858 458446718 824665283 
219970733 57692671 182472372 
118771786 675011398 978168376 
963815227 205843900 509478115 
372589103 221721304 223995910 
724718517 61234471 321714455 
475615246 415468843 561429737 
343873172 813860545 661779625 
27599747 192702978 958264596 
375329939 541061934 956206943 
427781440 541353942 894047366 
101524503 427222663 36742203 
87889550 636592858 615771013 
227788056 444384667 718025294 
600925048 216621432 546481589 
895236252 646138502 645519736 
340749000 256818492 445738140 
933953007 767231168 7584001 
521746269 163560686 43452574 
236790850 976615046 856750899 
297155581 258563722 583042990 
775616538 369759392 799818770 
61585802 551369742 519406490 
218125070 17385284 37435457 
471213363 723656602 647340048 
873980656 771897824 538970394 
13075471 404686710 932354504 
366722964 186208200 842624607 
588787085 510338722 834220058 
260303047 54001715 682769469 
645950381 503296020 441172047 
864686663 668495580 609518674 
266123143 786536806 309296379 
30239872 316102245 530356329 
805542405 405932923 880458554 
81656548 749857242 778676115 
274333938 78027397 12569798 
402270571 897862444 926945034 
779020526 539169403 55056998 
44156331 636938460 844467312 
688484983 4096366 685946376 
867851197 603154557 895176707 
702912448 955204459 945584135 
970575935 450878046 960500797 
801991947 599262189 685734262 
273729115 307252114 868501159 
173378315 681174768 635421966 
252465030 685525026 668460001 
353589798 619301627 120723067 
485255356 388890176 147784299 
307569461 868586172 949395008 
869414367 675763366 663342018 
451918400 402362233 380060220 
252176866 769447620 850607437 
207377772 960914694 417385362 
382102424 377781505 558304863 
447257909 311816069 766988519 
103178368 942112337 531839806 
955626697 829155331 450659846 
744917962 734471073 356226586 
428531901 365851741 695774824 
214170874 405116382 706068774 
778589848 341936285 7975674 
381882924 846886270 489976104 
15373137 116384390 544847874 
39244542 918140167 882445391 
766515299 293664241 979612719 
682744335 380163989 889119699 
129055994 782097267 378415888 
714715550 420071101 901771273 
931335377 534952158 757472874 
44049046 557584056 592955412 
601510603 151337258 964570573 
428810126 339951720 710933805 
367938107 341100637 956354332 
256213163 787256474 738140176 
532670657 823328344 419957421 
682133863 34576346 295825987 
5079263 211479468 829153702 
242110933 509602802 949259131 
900236416 256784488 844355053 
906116951 627078639 587043012 
301069375 173283542 699498967 
780915498 600666602 816402189 
802945202 659747594 801949617 
571412363 875927828 167062052 
188096988 770744254 488020218 
450713539 50093548 756323836 
11003532 348284534 436142252 
79140131 336262715 721489259 
45492764 276906523 856458504 
495820394 831963922 703589518 
420234033 350868902 946219318 
299474322 692342398 763607722 
721511273 76335956 679044881 
481636651 365103732 944216574 
139462116 805941482 313030240 
340650362 952583241 57104805 
847279576 874059262 648542615 
131407584 6203523 10911924 
882394495 884656913 579880329 
994712458 940789373 837534459 
237350099 813584249 392964432 
887185440 57435045 604948783 
57879412 40139683 332890443 
201525211 133391710 958165418 
326459094 440398408 333018744 
600421671 297044 29575015 
47104339 713698001 552524828 
631677582 982647482 4664402 
780557359 866206464 567463903 
967156814 850505963 303962450 
631037179 104167723 168947209 
172243893 395332799 157070922 
918001443 682726015 519781604 
46276665 630885137 305690140 
777290593 956793719 660369937 
239876369 4473965 605783923 
11499843 982553921 954907647 
558144145 211981553 998170620 
506566790 691528635 133881430 
594225881 445979020 406103675 
723458859 843600294 642670559 
667684713 766781413 446083714 
909155117 552093960 803977798 
975143427 581818531 530200698 
855527851 726137798 18160358 
176421827 112572610 677595693 
421363712 491629765 88469335 
474805762 951418996 498118525 
478152064 612451417 944766455 
620631765 823503138 119543128 
179641884 555720901 886628543 
370273871 219352789 67904379 
513377215 316449833 259265649 
61848567 975609587 166293228 
713478778 416989083 45734173 
122189664 547394343 385049832 
445692816 542246710 345774026 
985127307 685721556 652829878 
90265106 476748249 832731900 
782990595 974335806 472824903 
510297899 109348226 178733388 
971312443 401893444 43517262 
934686071 380569509 392309378 
994808417 575088753 95898135 
862579186 570752488 381916994 
520068803 266355615 593858354 
125332609 721711268 755780536 
363563795 657629580 996283540 
33576313 504950621 954743741 
610832603 901471871 978656824 
952702511 835958232 376080639 
231587298 467258969 129081669 
505273781 403351779 288015370 
609508255 125326388 41866424 
791601791 346795015 181581934 
734140004 318403053 884582825 
911469473 515462410 904640078 
878267647 355877364 939533913 
447419645 918061042 194984784 
769356450 303715253 762268846 
550565744 590303267 754913614 
374720539 244708006 866093147 
154956646 342695512 78629576 
407120442 693352708 514831908 
20322534 677169130 61883303 
85014624 498842417 919726039 
685263539 262052907 701104997 
527111120 261657193 433419806 
791416757 716404363 584311919 
544089187 812473671 512407318 
169648177 506810055 348376765 
120053765 612080440 404859181 
615504164 25490913 218735076 
326179942 294306914 97307050 
386955596 213465067 290424957 
685857627 136439185 771030298 
484651907 718987010 829686659 
33580214 22362501 470517752 
38856644 227909787 790430211 
957411571 38192180 818349102 
982313695 251564986 999176310 
436150256 210657933 225306740 
337614074 339082465 270150054 
710348605 534686671 449035525 
917893727 777743437 688098668 
219710462 643986734 50511107 
272146982 60412556 258796905 
340874026 904639867 779785367 
523518657 691934038 489097138 
512621634 984389240 252315213 
93718891 593363494 965772275 
506717781 711100550 580619192 
202289805 617704232 651703954 
901525000 156789866 684678604 
918012317 264951107 464057275 
338532247 274264680 892690595 
327943260 393341813 809618205 
928278390 100595626 493100542 
590277601 478228944 460556622 
382864545 194827551 496284200 
340955566 432534803 873058333 
395311221 140885746 605637700 
196669861 655527604 431737957 
825154603 112798637 519364542 
543628949 797457292 655685804 
980869286 402998417 553010084 
145265096 731542882 809931700 
980991922 92094254 611597209 
359230579 20035507 743599868 
153112382 656775001 467740312 
98557332 573535754 803785380 
784056530 477571854 479008401 
835670473 309994936 33429358 
989777851 132941837 655487433 
123742415 959161341 954167244 
238615458 782745989 959610015 
247866263 289046438 628668650 
262468722 418200677 677475510 
254270083 477329256 710291962 
767455598 38464983 138595403 
877181739 420292624 250578978 
403394746 962778114 142765087 
714919694 910732526 688876621 
63379983 422263058 572188575 
153505341 581988880 345841047 
559537840 494377856 423948030 
156850384 907407452 403412227 
567531212 255670571 745641223 
108078033 916887241 123778458 
455366015 539852860 877390032 
753783362 628118049 838854736 
679528670 923540374 217725586 
31083958 103756984 335056630 
874146547 73226759 85135779 
534703172 747395932 734219171 
839029152 386164808 351004017 
266599649 753414835 24802861 
975111321 946572823 764505088 
796651670 871155828 823452441 
833497866 772845165 877096495 
920314671 396966293 772703970 
421929716 707491013 46657866 
134835951 673347785 397686490 
355074965 238539619 51385159 
411760419 366249243 882720153 
872188723 627887743 101790042 
678092468 90587236 536625758 
367145321 331120289 393260580 
800131092 352054054 567004481 
624649479 182150997 111785206 
300371775 324109859 521754058 
556423725 285960218 515085451 
832881995 690456325 612854660 
390357276 566020592 445306368 
395445034 69049104 898504827 
856595728 800282166 143964899 
721549708 526195724 182917762 
62045311 532232805 675085832 
11888902 966696431 403200919 
514866339 216037563 624595402 
547936249 950445503 404617286 
87573911 903628259 291546281 
889941535 850416 864055267 
317666895 545914307 742080472 
446066587 262517305 933698816 
519949938 936068967 538080544 
844679550 969840150 782955016 
145658923 83532531 128947466 
815015235 654029854 322326412 
565498551 418189501 435358127 
668784109 601697101 512861245 
358504425 62732404 192729346 
767856217 965558900 766702520 
56522816 568597340 571268 
764390492 75478913 142269607 
641840428 375859952 912415788 
699619781 77876920 916194796 
542071602 392392321 403523104 
851584021 103277893 63079215 
540193041 944993274 161307180 
638576145 456740740 432441320 
628024147 710296592 243137309 
318464504 13755463 797670907 
473530459 535019291 666179038 
409253434 968772070 553884729 
953769556 682236795 409706010 
683574404 211315508 837827368 
213815278 656641235 551173530 
544400788 294239655 225538851 
470167174 582967123 787914994 
327548891 542936031 79030594 
346417789 253207230 608624513 
10281912 95818779 243637537 
12501708 950649019 104699155 
961774305 872824892 818403429 
23230074 792331085 572409441 
498468125 732077758 64867177 
809301272 279622050 673580043 
390449220 218979144 97156285 
846137784 385930997 208525578 
250235302 524382614 370917960 
582792247 774803605 190371275 
8605870 637200465 720280863 
611867671 234982495 494126608 
886056467 544529900 686333154 
88616165 138372793 30415769 
167692427 783831625 957314511 
60236459 11911745 10900630 
611761600 721056688 959174346 
827243600 340847186 405511077 
90911805 536208207 616502607 
520008555 45176793 436200615 
528049516 118456719 1326759 
806689123 861430182 689673977 
836533292 928897166 537854997 
379936608 139855841 59884026 
678779255 30481157 871442684 
115008964 560541175 622273228 
419355960 810972871 441335421 
661639010 942709050 293247430 
55066715 419297757 102828667 
992233437 449672139 663890279 
684886933 431495245 453243444 
545360143 353330773 733143684 
118764855 286941974 949808695 
815084796 380080825 291031510 
69463953 711433864 510629291 
123313970 240921910 578774737 
411962215 2815904 765191705 
354095405 266930759 440846505 
475453707 469974222 405296491 
55184795 63085407 836138980 
786365971 549320024 457524884 
557456312 500760223 540020580 
204489866 320265797 755293957 
609041410 862156975 45104347 
962284780 444370835 46516622 
49592638 386443665 833246821 
225506867 518117585 301918010 
237944396 731093253 799173474 
936818420 240859074 652875865 
689503071 336060196 304147949 
497569088 381728600 227862105 
108235167 760948384 340120895 
658611993 973559995 168755091 
47747987 35906401 70734959 
628159297 522448410 951812045 
15562918 27182518 727973570 
755805821 188459852 652055184 
133427504 857278819 362287847 
12095410 728237998 874372105 
671394233 68009921 80533006 
642316407 149028319 305991179 
421901373 154746496 75314234 
450537489 636500814 745433835 
590811456 414111645 38603425 
7125971 175941267 107975135 
978987263 111830006 554473943 
398330079 119759519 317326808 
847133309 331111695 868562563 
186842371 359815955 883135758 
276521833 212338140 756225761 
713902681 259800049 455867365 
998822386 149138968 230917695 
570470838 453017172 387014342 
484343587 488830135 492464806 
374089968 314756792 748357196 
761235903 738668410 141495770 
720616944 984754989 743042993 
359485727 15006525 166179067 
805776920 70922886 229019336 
367598531 430027984 490697351 
297399599 519091340 566013291 
914881321 135899693 204370649 
1529564 766162171 928307605 
933378243 82368755 201660342 
806759430 484564204 234503525 
10367426 195993612 160677329 
382195969 639081007 463113314 
