811
911 592 980 
509 824 729 
481 596 857 
915 474 213 
984 560 803 
573 952 288 
803 163 715 
691 951 830 
964 255 781 
722 254 959 
684 306 512 
239 488 304 
520 899 134 
805 212 951 
842 584 703 
756 184 46 
863 920 150 
810 977 855 
340 417 115 
38 874 142 
560 737 983 
477 28 936 
540 532 917 
147 930 588 
446 296 299 
682 855 984 
787 603 639 
519 272 455 
197 369 615 
126 707 655 
688 631 876 
935 678 506 
869 693 841 
780 688 698 
85 411 248 
464 580 571 
450 30 808 
103 181 400 
480 364 801 
116 673 372 
317 373 502 
391 948 258 
743 20 764 
964 181 981 
550 968 921 
406 444 672 
485 268 236 
483 10 579 
86 483 814 
803 964 356 
178 913 730 
53 462 635 
224 56 645 
382 837 640 
454 977 914 
840 423 30 
938 725 370 
927 353 377 
921 660 354 
782 409 469 
341 942 798 
532 920 219 
316 655 382 
486 242 522 
607 589 432 
704 514 540 
747 167 951 
689 774 907 
418 281 615 
944 400 601 
13 294 863 
242 306 185 
850 855 216 
945 46 122 
265 742 942 
350 147 595 
891 35 469 
313 316 925 
427 863 749 
927 99 963 
832 66 687 
907 394 454 
694 526 294 
482 760 350 
387 863 653 
287 308 675 
420 421 926 
205 419 25 
46 83 171 
195 315 907 
620 366 218 
232 854 771 
259 190 164 
925 152 884 
85 927 848 
217 209 692 
220 996 177 
378 939 944 
675 26 358 
533 149 665 
672 530 219 
671 185 167 
415 44 363 
93 635 954 
160 848 429 
342 564 999 
40 379 631 
792 504 295 
946 8 762 
818 348 676 
966 892 993 
413 203 245 
899 454 602 
315 484 184 
495 617 679 
318 235 469 
790 85 306 
149 577 690 
240 192 33 
232 245 490 
910 894 253 
25 167 908 
56 205 892 
591 723 217 
657 601 165 
182 606 292 
104 229 60 
625 91 244 
558 764 570 
791 360 672 
962 199 432 
311 949 393 
137 933 926 
189 720 49 
255 831 958 
961 10 64 
309 140 433 
700 881 304 
446 686 477 
410 334 643 
1000 10 13 
58 677 131 
819 984 905 
643 964 789 
272 145 44 
508 988 36 
182 936 820 
293 658 341 
904 421 127 
199 237 444 
125 296 309 
919 948 509 
980 908 495 
574 365 859 
460 478 215 
265 35 520 
0 943 984 
613 639 883 
440 919 340 
562 825 115 
707 305 419 
338 218 58 
949 315 551 
404 453 787 
409 144 218 
993 324 366 
637 755 34 
13 512 554 
306 554 567 
33 335 40 
821 33 500 
296 526 858 
776 986 788 
929 948 637 
318 262 170 
863 788 15 
814 37 92 
655 907 544 
836 556 824 
88 806 589 
745 876 818 
702 310 229 
227 524 786 
909 942 8 
977 28 789 
308 382 649 
45 501 978 
869 772 815 
173 553 669 
454 994 232 
515 98 813 
976 586 389 
514 326 305 
790 359 724 
149 15 410 
894 440 207 
663 689 776 
666 356 576 
988 831 619 
604 249 103 
738 439 295 
672 922 583 
319 752 977 
188 586 499 
338 575 803 
918 16 543 
759 345 613 
660 571 818 
530 58 582 
147 453 492 
117 536 805 
432 129 938 
874 547 596 
914 217 623 
527 664 778 
121 100 246 
270 305 316 
995 352 737 
954 824 10 
340 683 381 
810 495 765 
409 891 253 
763 783 576 
237 838 911 
930 347 242 
423 451 274 
901 101 398 
138 748 980 
365 527 714 
969 485 810 
860 859 56 
827 896 838 
753 933 246 
504 198 126 
178 307 39 
934 39 251 
535 86 497 
936 86 969 
421 615 721 
607 644 777 
878 74 383 
890 619 926 
878 101 591 
202 607 126 
195 312 240 
760 800 500 
608 577 554 
802 585 648 
442 154 789 
710 143 173 
743 20 256 
682 754 835 
756 951 735 
174 70 859 
33 882 409 
412 500 408 
282 993 892 
377 566 454 
720 952 396 
187 457 102 
196 128 350 
847 759 133 
746 580 340 
647 762 882 
539 22 392 
794 605 490 
755 235 56 
534 673 559 
158 730 703 
577 589 30 
18 873 332 
942 474 947 
766 743 804 
753 155 276 
632 587 901 
318 34 461 
69 165 771 
638 217 219 
527 230 47 
512 227 940 
9 334 736 
9 83 931 
42 557 296 
17 680 137 
152 141 398 
977 477 697 
626 753 562 
901 874 560 
457 308 142 
828 599 926 
610 571 902 
234 503 161 
524 93 477 
886 645 674 
41 721 782 
352 118 300 
504 600 44 
436 87 31 
710 489 439 
261 413 916 
236 285 361 
103 986 387 
567 28 449 
751 864 410 
246 924 577 
983 918 938 
499 309 606 
537 975 913 
352 135 675 
162 204 73 
663 828 524 
475 713 142 
538 879 633 
655 221 634 
703 429 791 
358 544 948 
187 447 243 
674 788 668 
315 742 48 
523 1 493 
968 702 925 
981 526 651 
193 116 719 
57 368 543 
387 198 444 
382 594 193 
453 816 706 
894 119 710 
8 191 993 
64 685 301 
766 141 983 
908 84 745 
144 864 982 
83 120 189 
603 504 924 
850 573 734 
726 45 143 
38 399 750 
377 155 180 
330 639 230 
343 944 61 
971 922 562 
294 415 922 
703 952 617 
263 654 232 
804 840 292 
310 435 220 
287 650 967 
641 477 465 
82 112 337 
63 285 225 
274 409 996 
726 134 511 
763 402 249 
373 454 866 
718 209 860 
765 979 33 
554 792 102 
608 795 548 
132 732 651 
84 607 860 
106 771 488 
183 13 211 
687 327 710 
971 650 596 
651 548 167 
638 242 313 
322 617 970 
813 824 468 
894 665 327 
930 553 900 
596 983 373 
723 806 619 
27 800 50 
426 801 473 
537 50 869 
944 975 340 
549 839 829 
749 791 599 
262 802 416 
387 243 683 
233 764 262 
313 422 307 
157 472 425 
340 257 831 
512 899 627 
660 335 888 
229 721 840 
378 467 172 
120 508 617 
567 618 685 
450 1 142 
427 105 51 
983 235 871 
625 9 182 
107 551 815 
169 298 364 
900 99 772 
407 12 276 
323 141 132 
368 998 469 
564 580 642 
337 808 649 
845 547 250 
527 620 261 
962 657 507 
108 758 864 
899 53 828 
610 381 112 
462 634 417 
864 227 698 
877 445 639 
817 231 326 
244 516 381 
209 110 923 
24 222 44 
382 365 333 
79 85 504 
860 143 37 
531 243 316 
69 699 912 
832 763 982 
270 785 815 
944 551 367 
93 316 271 
91 754 793 
315 241 308 
146 409 358 
619 540 642 
806 321 406 
308 695 133 
795 530 662 
781 369 988 
842 351 582 
321 209 350 
226 678 950 
921 519 459 
948 679 603 
947 41 904 
131 573 624 
610 468 589 
672 343 756 
646 558 372 
849 771 644 
784 265 358 
799 960 567 
846 485 233 
998 456 868 
958 12 809 
457 827 153 
865 10 64 
516 920 167 
88 596 343 
81 129 150 
894 813 120 
546 1000 730 
334 924 429 
274 163 711 
742 618 955 
293 868 957 
659 448 741 
801 164 983 
973 866 541 
889 871 18 
970 162 453 
171 551 488 
787 182 117 
366 52 525 
511 769 520 
33 688 281 
494 336 581 
510 600 157 
665 800 439 
401 556 306 
997 92 777 
960 615 872 
287 104 871 
710 370 667 
415 338 631 
742 928 329 
785 140 290 
665 527 946 
780 70 237 
953 788 589 
847 633 48 
141 176 799 
345 812 146 
575 824 511 
189 613 832 
860 13 967 
178 626 385 
123 453 52 
768 78 179 
429 734 674 
449 225 414 
376 115 179 
470 831 600 
199 638 127 
734 918 220 
839 416 995 
921 416 978 
714 924 71 
821 655 823 
257 404 601 
923 444 322 
732 955 826 
228 239 747 
203 503 972 
793 770 113 
240 417 983 
869 125 989 
494 841 289 
181 590 352 
648 633 575 
74 437 910 
339 702 197 
964 154 465 
566 503 58 
487 933 114 
73 237 683 
427 22 413 
315 871 275 
449 812 845 
911 753 978 
289 708 333 
327 654 41 
353 102 774 
639 48 918 
388 176 405 
255 569 270 
871 576 577 
633 521 224 
453 658 552 
562 219 392 
303 669 310 
727 122 480 
977 678 157 
391 830 463 
435 912 459 
661 83 899 
187 378 654 
221 589 623 
775 15 412 
975 828 694 
972 186 242 
635 665 360 
944 38 473 
169 358 676 
950 784 625 
890 335 205 
708 849 720 
283 521 386 
220 350 256 
393 260 632 
712 305 800 
675 160 995 
65 790 50 
537 725 743 
369 426 915 
983 910 26 
782 434 937 
555 903 568 
885 585 605 
397 544 987 
277 555 4 
552 677 137 
178 883 94 
838 23 686 
704 514 564 
969 689 782 
280 426 2 
357 710 814 
465 450 610 
574 217 132 
412 414 717 
823 185 721 
617 582 161 
541 523 555 
844 100 621 
682 329 462 
311 135 315 
747 60 381 
318 158 384 
263 261 71 
828 350 984 
33 813 871 
594 454 640 
453 553 962 
757 434 961 
490 645 172 
317 953 410 
792 825 802 
373 638 785 
408 845 181 
364 926 762 
587 989 685 
328 776 181 
930 659 371 
380 749 232 
483 501 851 
134 535 191 
249 281 603 
809 936 588 
592 565 41 
20 972 884 
718 791 806 
922 296 538 
79 765 847 
651 175 740 
429 639 789 
457 857 144 
663 147 654 
983 915 669 
240 548 429 
464 502 369 
769 431 460 
644 190 679 
526 170 854 
234 608 841 
800 83 0 
210 984 635 
923 51 314 
661 426 927 
392 618 430 
734 138 331 
629 285 477 
936 289 810 
256 704 465 
805 179 411 
961 614 879 
576 287 43 
24 710 478 
603 983 648 
139 281 583 
215 717 444 
488 636 135 
744 568 375 
700 351 642 
129 990 1 
37 806 630 
325 68 344 
173 109 582 
108 893 488 
711 448 748 
597 852 653 
616 323 858 
909 997 13 
186 16 133 
928 829 602 
528 138 757 
386 993 739 
636 885 345 
429 172 849 
906 612 411 
846 777 578 
807 922 186 
176 70 241 
261 719 75 
512 376 11 
698 786 516 
738 979 268 
297 475 820 
997 188 145 
214 400 453 
560 256 135 
681 877 759 
132 758 797 
271 792 415 
443 443 667 
774 189 48 
224 957 850 
816 311 270 
53 664 244 
858 636 65 
861 757 438 
22 670 493 
478 917 515 
391 186 676 
992 1 64 
363 159 982 
530 384 754 
823 703 494 
797 696 744 
393 340 819 
833 597 889 
167 888 93 
921 466 895 
75 521 37 
347 110 263 
935 796 439 
737 73 664 
977 990 203 
631 924 755 
86 192 795 
953 834 12 
941 995 234 
338 520 626 
476 748 929 
408 671 703 
963 204 898 
321 745 234 
439 397 729 
531 695 671 
450 120 236 
478 613 955 
525 403 775 
78 732 328 
21 355 596 
861 640 294 
691 692 604 
717 979 589 
393 384 162 
177 566 348 
550 544 110 
751 435 631 
220 250 690 
712 749 178 
918 809 970 
947 977 695 
10 1 378 
748 43 686 
1 412 716 
700 881 129 
466 479 802 
578 830 92 
87 21 62 
224 747 814 
569 331 170 
604 204 47 
717 434 992 
29 392 338 
526 597 467 
936 555 511 
180 55 259 
311 485 691 
181 754 361 
525 175 169 
923 236 405 
636 332 117 
694 573 588 
842 439 458 
118 438 775 
854 890 280 
48 880 902 
710 227 975 
117 486 81 
321 910 167 
726 698 184 
814 521 205 
142 335 717 
82 593 753 
630 605 145 
633 123 282 
784 566 925 
361 816 600 
117 453 547 
646 113 921 
436 802 421 
760 454 71 
540 381 769 
54 710 496 
977 703 877 
433 55 934 
230 464 450 
752 280 218 
275 258 245 
185 349 1 
25 733 650 
248 97 621 
823 887 347 
271 173 614 
118 128 330 
645 433 796 
679 520 563 
439 28 448 
916 839 894 
603 13 839 
260 215 755 
245 31 794 
482 161 339 
838 724 983 
828 324 575 
688 661 774 
871 188 933 
679 464 882 
821 108 401 
734 866 618 
960 568 311 
666 327 764 
382 337 169 
442 408 535 
412 624 260 
329 403 867 
329 0 42 
727 171 243 
87 707 382 
14 747 912 
570 806 548 
100 194 35 
667 726 443 
45 183 691 
778 427 66 
613 684 9 
504 136 561 
252 162 649 
683 707 252 
913 214 2 
916 728 288 
851 442 77 
632 863 813 
206 702 657 
420 743 545 
