999
681 353 369 
102 570 991 
383 707 228 
619 554 267 
529 296 326 
239 147 410 
211 848 440 
547 758 92 
821 538 639 
576 292 656 
594 278 460 
766 7 752 
645 450 862 
798 129 567 
74 2 349 
252 433 596 
697 891 868 
303 243 318 
246 702 166 
25 436 329 
335 934 626 
520 913 921 
303 922 947 
725 277 332 
333 592 502 
650 348 141 
853 861 153 
464 797 137 
781 833 889 
189 108 576 
739 342 981 
502 890 546 
440 184 784 
510 509 89 
180 762 486 
976 759 397 
130 435 657 
583 700 984 
94 652 688 
265 768 550 
517 99 993 
476 926 204 
642 507 152 
290 18 544 
738 672 856 
457 525 431 
438 275 396 
852 477 714 
366 211 560 
138 230 433 
610 424 401 
200 388 83 
264 487 286 
900 679 10 
850 47 767 
691 469 982 
65 928 45 
792 650 127 
67 191 162 
36 689 47 
262 760 67 
922 502 738 
35 841 869 
176 222 528 
508 184 229 
800 132 977 
5 220 666 
721 556 64 
115 425 671 
20 591 100 
55 360 5 
897 114 361 
514 797 139 
275 776 238 
947 30 74 
109 466 414 
495 81 715 
704 114 258 
120 945 440 
141 575 159 
20 644 712 
21 111 927 
422 336 55 
54 102 16 
344 201 208 
273 753 507 
403 21 388 
484 454 3 
117 531 732 
253 639 14 
306 780 387 
141 809 342 
586 185 582 
930 794 11 
358 612 931 
89 571 856 
508 210 636 
690 503 388 
394 491 405 
208 95 697 
158 484 807 
57 444 631 
454 700 609 
768 328 501 
284 933 231 
419 621 9 
827 877 493 
167 211 418 
223 605 994 
778 884 541 
254 362 228 
894 557 445 
894 611 878 
858 515 653 
814 826 896 
171 732 267 
650 759 537 
982 127 801 
855 596 919 
614 786 231 
437 967 382 
948 690 788 
745 335 736 
401 549 849 
830 14 448 
699 936 181 
559 625 70 
762 406 535 
19 82 889 
942 169 539 
528 354 680 
466 811 971 
939 581 984 
801 143 872 
167 64 730 
914 424 949 
481 219 915 
324 639 23 
502 181 814 
12 999 765 
821 104 949 
62 272 366 
650 962 678 
971 682 932 
93 406 890 
65 634 690 
257 603 667 
453 547 127 
282 660 165 
94 816 925 
284 77 925 
936 235 979 
499 265 932 
591 242 838 
825 47 313 
718 493 531 
305 227 458 
749 388 554 
758 546 968 
375 287 836 
887 927 694 
954 866 908 
773 123 518 
239 879 71 
710 310 85 
343 668 175 
909 356 157 
223 241 974 
728 722 662 
68 554 367 
848 380 400 
405 839 36 
589 515 97 
816 542 913 
624 268 174 
983 758 268 
383 351 752 
511 686 924 
43 367 579 
10 177 659 
93 778 654 
928 219 594 
290 751 831 
315 869 790 
962 388 669 
980 365 447 
852 630 903 
107 679 465 
807 704 736 
879 58 69 
599 172 53 
673 219 998 
108 711 497 
904 814 941 
324 611 216 
343 934 841 
276 881 568 
490 182 833 
286 576 672 
180 907 455 
483 22 77 
139 181 48 
300 501 310 
53 650 221 
373 380 881 
711 917 422 
441 964 50 
650 383 216 
944 91 992 
141 278 303 
228 352 697 
3 765 358 
944 414 8 
722 570 3 
245 898 470 
178 541 568 
593 155 764 
460 175 946 
937 608 575 
762 871 349 
330 584 6 
281 163 406 
998 291 741 
529 159 111 
982 37 188 
762 298 242 
387 679 617 
745 963 415 
561 760 422 
973 352 12 
146 857 373 
585 475 95 
953 39 1000 
798 122 508 
773 836 215 
392 156 550 
400 155 311 
962 398 406 
467 611 986 
718 967 798 
319 127 815 
91 933 643 
907 559 329 
316 547 258 
343 736 375 
919 307 934 
605 801 1000 
415 857 820 
155 123 555 
153 405 153 
435 646 553 
438 831 634 
234 841 949 
49 530 329 
78 40 849 
645 615 819 
89 340 784 
859 801 441 
984 658 398 
782 674 452 
660 424 720 
136 412 777 
88 999 839 
610 806 728 
692 528 582 
599 54 932 
500 683 193 
43 24 614 
203 974 534 
193 354 544 
648 954 820 
507 763 170 
215 358 155 
87 766 635 
762 504 99 
400 264 985 
291 728 134 
235 959 155 
317 944 299 
103 645 908 
885 47 256 
52 975 674 
621 279 569 
276 693 143 
334 765 827 
717 704 538 
251 239 583 
835 635 987 
267 967 89 
385 679 975 
231 769 341 
605 299 484 
885 726 880 
968 295 275 
438 833 872 
659 328 70 
87 21 486 
705 706 787 
509 249 134 
906 589 73 
780 42 118 
793 747 717 
789 426 586 
886 903 989 
868 798 780 
327 979 923 
635 773 518 
905 392 523 
520 876 325 
243 11 377 
939 743 744 
269 653 918 
243 440 150 
113 456 742 
952 102 979 
9 991 228 
922 725 818 
736 97 316 
908 210 170 
275 233 608 
506 939 431 
886 109 625 
561 434 711 
927 527 538 
32 519 511 
816 481 367 
281 948 395 
232 806 898 
817 808 652 
738 474 786 
572 362 8 
405 415 377 
948 712 759 
415 168 393 
132 913 941 
243 278 677 
402 100 463 
893 805 79 
269 586 80 
347 229 510 
937 856 504 
421 198 552 
804 734 330 
468 206 476 
782 18 0 
657 563 758 
551 930 960 
499 424 270 
880 679 883 
135 335 491 
793 501 151 
932 340 920 
960 841 391 
139 781 443 
758 372 913 
159 510 683 
82 400 171 
99 677 762 
837 603 531 
955 487 694 
684 351 995 
117 235 197 
744 775 647 
541 935 745 
959 844 709 
367 679 214 
813 491 477 
512 125 264 
846 662 388 
5 942 47 
904 179 765 
494 111 328 
580 86 706 
806 844 382 
101 336 824 
241 24 299 
120 284 174 
526 231 756 
346 630 748 
96 418 183 
445 16 928 
681 468 709 
72 38 531 
836 765 255 
556 207 632 
829 739 911 
194 316 934 
785 536 414 
253 670 998 
808 636 396 
365 200 212 
374 111 641 
832 557 900 
193 969 269 
373 770 770 
276 462 98 
277 298 83 
595 973 206 
173 454 380 
182 755 173 
549 876 1 
899 117 340 
76 95 705 
885 935 572 
257 15 127 
524 487 688 
945 998 635 
307 950 17 
790 536 143 
241 679 915 
786 732 113 
273 196 230 
728 470 534 
612 920 556 
835 273 173 
891 723 19 
171 18 849 
871 789 484 
370 71 218 
477 528 52 
250 562 77 
169 449 739 
760 993 70 
356 695 0 
16 80 95 
867 258 810 
549 941 985 
97 12 621 
428 389 42 
838 850 334 
799 212 495 
331 288 342 
956 740 329 
767 197 894 
288 937 757 
363 935 937 
465 402 809 
580 62 798 
243 722 174 
2 190 764 
594 669 276 
401 948 511 
621 107 963 
661 864 681 
985 500 914 
669 520 839 
419 896 186 
92 756 436 
241 227 938 
848 985 237 
331 120 311 
946 910 364 
564 223 309 
415 416 988 
308 210 996 
414 471 939 
541 52 20 
836 51 412 
360 737 971 
858 267 999 
100 160 857 
912 963 810 
676 414 323 
707 971 994 
581 568 339 
538 858 975 
303 286 208 
491 621 629 
275 945 217 
792 518 726 
148 591 225 
819 304 566 
856 729 550 
292 688 958 
545 84 183 
134 980 524 
127 22 754 
566 613 995 
767 633 987 
759 378 602 
306 649 76 
271 649 68 
961 824 321 
528 553 219 
963 872 911 
243 841 617 
820 198 845 
955 789 578 
758 715 686 
988 122 314 
171 355 201 
560 590 105 
642 784 900 
261 87 230 
573 493 491 
533 86 4 
671 396 792 
665 279 435 
312 499 566 
83 740 576 
215 966 952 
65 607 879 
308 829 743 
238 606 773 
509 929 604 
784 136 100 
219 720 263 
173 251 942 
750 746 27 
820 459 695 
615 436 374 
854 644 81 
224 767 467 
443 169 143 
356 807 848 
27 613 448 
739 709 251 
957 476 508 
546 780 417 
447 619 661 
512 745 933 
130 653 825 
709 744 584 
720 878 872 
948 373 497 
458 296 674 
297 904 542 
61 382 443 
125 965 812 
808 395 635 
437 338 686 
914 949 69 
356 118 791 
830 725 88 
187 349 441 
46 996 249 
838 589 768 
641 791 794 
467 759 48 
215 336 660 
942 783 806 
925 486 50 
242 139 275 
280 7 136 
198 701 465 
239 899 799 
944 358 424 
862 731 992 
248 538 143 
417 257 991 
284 731 186 
958 214 666 
207 349 36 
437 214 836 
824 562 72 
599 286 109 
439 851 5 
217 348 941 
227 997 624 
257 685 728 
491 739 468 
931 601 920 
55 121 630 
724 190 192 
71 263 533 
793 205 318 
155 286 621 
959 836 370 
622 771 113 
823 318 890 
569 528 525 
370 991 217 
362 477 606 
383 480 553 
255 46 249 
564 715 281 
314 986 361 
68 636 974 
737 879 157 
695 278 987 
446 656 234 
466 942 15 
570 953 825 
330 113 674 
492 902 276 
583 759 744 
186 769 270 
109 761 738 
900 140 691 
694 19 861 
145 296 60 
611 760 345 
788 996 608 
588 631 189 
461 596 341 
332 7 145 
71 496 481 
288 475 60 
469 959 81 
79 441 806 
564 445 104 
289 238 685 
758 141 755 
152 283 573 
101 328 120 
76 887 400 
999 305 540 
85 22 869 
101 880 857 
930 153 41 
84 742 771 
723 463 925 
77 811 91 
585 874 920 
556 219 619 
759 49 937 
300 223 94 
103 386 569 
347 943 768 
719 53 859 
462 92 557 
141 667 313 
499 962 515 
494 109 860 
975 783 342 
549 798 745 
210 699 257 
633 183 141 
902 219 179 
963 793 401 
516 571 376 
790 323 836 
38 411 993 
111 157 44 
169 473 800 
574 142 529 
606 291 881 
932 218 926 
70 358 470 
957 532 50 
968 271 372 
653 329 100 
316 475 25 
623 279 657 
97 921 458 
322 370 330 
102 291 721 
102 154 932 
806 834 395 
312 837 11 
518 924 342 
861 342 693 
430 89 807 
875 27 517 
637 13 33 
352 845 824 
73 86 504 
357 546 799 
591 524 787 
17 790 50 
379 593 550 
567 227 194 
534 326 356 
251 570 90 
99 743 319 
697 361 518 
906 88 747 
678 143 449 
185 644 569 
232 509 643 
390 126 789 
916 324 660 
132 366 479 
0 428 355 
754 707 557 
183 619 939 
9 998 910 
693 137 336 
131 973 949 
211 39 548 
960 728 36 
260 889 589 
197 52 564 
431 236 981 
786 605 763 
808 449 571 
460 131 463 
809 788 40 
86 772 724 
243 302 765 
169 345 533 
162 625 260 
173 530 360 
819 262 80 
205 558 467 
734 905 492 
26 417 911 
189 524 430 
782 113 944 
157 187 156 
829 966 479 
310 37 605 
386 553 829 
4 448 102 
711 728 77 
984 397 995 
393 814 651 
136 626 815 
980 931 338 
289 673 980 
359 760 871 
739 839 736 
315 738 991 
246 653 125 
933 748 696 
237 8 796 
695 57 831 
200 278 753 
925 189 993 
204 344 597 
349 881 517 
182 740 539 
994 660 600 
759 231 754 
159 580 282 
865 829 158 
724 247 700 
254 859 946 
733 754 375 
593 676 825 
638 614 502 
954 20 380 
379 756 562 
502 2 79 
917 977 448 
973 130 604 
775 236 347 
381 88 746 
282 450 584 
616 53 250 
984 597 219 
81 659 685 
634 544 453 
680 478 534 
665 806 356 
470 121 314 
216 146 806 
148 350 916 
799 966 318 
853 588 377 
285 446 756 
998 980 519 
767 653 591 
344 732 933 
634 480 65 
315 126 481 
545 573 261 
68 889 295 
33 781 165 
515 808 20 
323 606 648 
719 435 998 
695 784 247 
750 221 458 
333 368 763 
778 486 338 
924 146 638 
285 421 121 
567 215 394 
973 894 424 
254 146 591 
376 235 80 
558 346 706 
1000 620 415 
470 612 113 
483 22 620 
715 344 124 
570 273 430 
314 396 312 
878 368 910 
264 30 217 
955 305 484 
959 644 788 
800 167 144 
572 355 801 
77 451 586 
555 405 457 
599 964 452 
609 170 179 
273 155 190 
964 173 293 
327 674 753 
688 344 387 
7 662 523 
848 395 780 
473 464 587 
191 319 178 
458 53 816 
805 549 497 
232 294 635 
716 608 459 
119 872 207 
947 6 256 
937 503 551 
294 483 142 
591 495 250 
468 74 624 
627 618 235 
64 817 345 
357 142 685 
13 758 582 
684 595 524 
979 914 967 
297 833 660 
408 405 248 
410 920 405 
582 166 523 
440 191 392 
32 678 247 
911 784 356 
290 369 601 
575 859 488 
659 666 965 
84 878 966 
631 331 718 
249 705 248 
422 278 751 
355 906 292 
450 453 280 
821 973 107 
289 866 519 
145 302 243 
799 639 562 
776 825 128 
340 911 2 
381 828 387 
699 834 233 
239 478 286 
445 633 807 
269 817 992 
785 499 547 
772 58 352 
559 311 843 
126 309 637 
42 418 679 
750 319 890 
899 207 3 
82 552 941 
755 741 34 
893 307 502 
682 980 528 
471 731 856 
331 212 902 
867 960 155 
673 691 765 
113 974 193 
457 751 34 
799 810 835 
76 87 729 
71 93 584 
516 965 445 
924 816 852 
480 277 554 
744 186 0 
316 194 796 
755 108 932 
235 932 473 
736 281 358 
391 582 155 
607 922 176 
791 690 16 
78 976 615 
210 853 505 
568 668 959 
31 321 476 
588 365 636 
555 303 306 
758 252 50 
761 540 178 
261 531 227 
505 996 531 
184 675 19 
750 519 334 
631 128 43 
971 139 641 
895 263 424 
861 583 272 
77 731 851 
678 832 255 
258 5 55 
347 138 499 
704 795 765 
2 661 326 
199 98 741 
326 945 746 
138 265 334 
316 39 97 
286 605 90 
342 904 983 
529 655 732 
695 551 87 
482 731 20 
737 89 622 
808 286 101 
39 430 525 
730 504 757 
732 100 610 
457 195 865 
83 552 375 
53 793 651 
815 922 93 
844 173 865 
376 863 346 
324 242 887 
278 281 542 
621 567 712 
8 665 639 
551 517 466 
32 227 533 
579 621 337 
442 715 930 
726 985 197 
629 352 894 
354 426 197 
595 591 585 
115 706 874 
8 291 466 
116 682 656 
796 273 58 
939 64 555 
602 862 521 
665 301 508 
654 130 269 
263 65 94 
844 221 436 
274 45 350 
991 693 123 
516 803 196 
455 208 946 
51 713 324 
315 361 837 
443 294 545 
796 544 394 
723 585 216 
539 448 81 
389 426 657 
405 803 333 
552 826 414 
858 577 697 
543 950 419 
230 571 0 
833 355 501 
952 296 543 
535 869 403 
239 693 279 
28 226 604 
904 988 911 
165 245 409 
43 119 535 
56 915 732 
419 357 170 
252 204 305 
636 17 821 
810 942 988 
232 435 582 
520 125 89 
854 17 218 
356 694 833 
381 777 150 
540 103 320 
488 245 392 
761 732 673 
492 765 749 
948 613 522 
376 278 362 
762 876 156 
927 45 663 
155 224 840 
1000 79 717 
615 864 409 
412 614 870 
637 482 481 
142 599 81 
481 955 398 
5 121 614 
217 894 248 
823 401 426 
618 594 95 
233 964 835 
823 135 706 
804 774 174 
60 863 886 
866 788 224 
811 734 957 
658 429 628 
874 337 356 
637 635 970 
839 71 989 
889 513 128 
686 694 861 
