654
610154512 82773174 810849588 
764572273 434895587 981559154 
160955207 127477302 81961851 
391285837 53279899 360105708 
840194086 258024328 578467543 
721138425 767137922 257278194 
303063420 852704064 688945778 
285729130 421177169 523475421 
630805013 650881346 347303126 
966239650 565954352 461924599 
520421059 445974515 393076908 
256738828 405316274 687551949 
592220434 726808509 881295054 
362572648 802642435 633475065 
606938315 154285893 709303780 
598425267 481627990 155099177 
970772873 917813277 786557648 
102742862 756599778 932083668 
296122966 766751568 508540186 
390984655 961525438 402687316 
318630495 380472153 187262850 
606294795 299612955 813432667 
134528234 242562365 265329160 
141723207 807574867 289971477 
703739700 43895966 67233200 
357402483 894520759 900629261 
539433720 610784319 998626769 
388564862 468940382 923595127 
547039789 703614759 792913236 
396219234 948943924 813672320 
231957489 102676310 3609066 
171621681 225711376 802535653 
548602816 763282308 943332234 
746154074 868640685 11405503 
201863018 64660624 271114850 
572972548 812757183 601000850 
557936675 612625517 432561643 
15676394 92915102 152454671 
998688343 10543978 337576091 
964155366 828512260 492902921 
554309156 452221505 88656579 
102080797 504211581 316802759 
647831164 910701990 783165429 
462172810 842076594 778740219 
422902953 608565692 122422652 
735836516 91696308 193383300 
316831443 651120722 968313203 
634859948 445741268 509671171 
414622561 768733111 291770727 
452563742 815648014 453337904 
392965325 359859893 709920112 
430332264 484777551 360196562 
322095611 283459425 521279298 
862980124 729069132 601055230 
292317095 326386556 498508809 
749179844 740360835 192802676 
451532585 631079975 849381196 
529206750 285793564 272618848 
821137136 371540194 559416010 
641408952 186379702 38654115 
323767236 714958800 814097665 
853966040 59405886 316351240 
285760025 348391154 155677827 
157758487 118522738 411709217 
223148750 965981782 845833496 
568760570 506652858 496242386 
88466886 165554692 691744918 
175640371 90151411 807962394 
365934588 863220234 4746475 
771005216 284911538 22452703 
769825737 838667647 830023206 
547020407 104791444 964390324 
703629112 49970033 429953767 
387507960 538635048 359101825 
5469321 32447308 516044332 
852497735 736140446 854183120 
376242549 485245718 553614421 
61180651 384440831 804010500 
167399962 299218672 376826315 
545615605 504403637 459721472 
218894435 748134720 696559432 
74517978 403327107 519762844 
236617959 177116046 327645148 
574023855 691530350 581538698 
74684903 27356471 352712602 
518470791 578701206 482523853 
349934559 31550860 94654663 
484560444 737132118 632422324 
212449315 546566320 181163974 
97973915 62349748 929823944 
417019641 606906523 578291430 
683669670 804262762 642450979 
511315148 616773016 390517134 
234073752 698929862 624427317 
557055368 228330682 283484962 
298867249 44574272 952051108 
2544974 529726105 615537401 
93442715 418551871 591009590 
868184535 28866753 263397320 
608292544 529189484 776205957 
350413755 219311262 625679982 
498674316 167405414 76120683 
15700665 218920213 316756284 
592383651 770720260 235300773 
999471621 982874443 28777771 
507880559 381960393 503710878 
311621564 299027823 85830470 
771192206 811791752 548274264 
201830742 328859420 645748002 
471816656 684615610 54126332 
212988067 10038083 993401718 
10422983 798146272 537044183 
807279014 472853023 931599281 
177821741 182559408 354647661 
978587592 655300125 555859765 
618834615 427152823 955442425 
956028131 279864918 950818963 
877929391 975657003 722900779 
62279930 986786792 356718421 
606575585 672184630 455497887 
577560417 200041644 115662383 
714395119 249470032 632507171 
894650447 821469887 884006549 
527719048 411134668 674329057 
837644624 70436393 761484172 
416491321 218235995 663382084 
972527472 24072656 48541494 
265070140 987340367 856210498 
367730676 458221163 834849266 
507527324 970323710 485775537 
290980886 136401430 295966549 
229096818 460596559 272015190 
8583468 60381221 543383037 
501648744 926638210 738342572 
475750583 43673454 334137179 
109394881 611039775 392097463 
806207389 79655407 777653361 
98652193 28602655 34229295 
132201227 193190103 300157919 
844538212 221696839 337191201 
110995124 703164183 477542707 
623872370 696807143 354108780 
827136768 519533116 592238552 
993406543 254821259 991692110 
202877844 658487195 833953432 
629645420 932353968 770245213 
100613004 824297703 819536726 
58563504 142051637 982233126 
632992321 720594982 527099626 
891457934 879227310 364261941 
401916527 964546504 573393553 
223603114 189498504 10735038 
902414267 319172671 624574153 
877832672 480334275 267858339 
448402409 582059284 469137924 
607791851 175724222 28968678 
144148732 68518036 753238747 
493211067 409911640 741883423 
781995724 376705081 685029821 
177905432 709520930 757659144 
254987614 368754839 292080932 
12764904 680471981 430273743 
205436785 994023529 711200053 
780470827 458712226 28742925 
586473000 392078023 182829101 
71558475 916707316 770767815 
991515170 674888452 314973105 
479749165 875720131 231365119 
684813576 371498235 188641876 
680946465 604320390 181610959 
76094412 844745708 661558117 
381809989 370698844 619827293 
201658881 321472865 723350884 
302029588 916281568 442044884 
205187228 79080127 994683678 
2015873 798550761 385849247 
158840989 415480555 785777023 
42533381 413891181 357847505 
749959890 737198234 968231998 
837989796 496035370 550950347 
45871317 95326639 568878553 
889266346 671882987 783591360 
823329376 772542458 817448573 
172134378 659595884 869077216 
255226636 342407832 205695770 
382860494 804302795 914263014 
119825663 921562690 386056220 
975072229 911084496 796593552 
496941812 94476365 993885841 
644388657 875604008 307516533 
765750936 147750747 942716949 
927041636 918349877 25118516 
678704943 914044353 126004714 
219712581 86272824 138304617 
689194952 976159806 86443898 
287889663 868270731 46076591 
94796929 30007516 301992372 
494204937 762603382 158757539 
837093017 906101708 62460792 
519494142 114938395 39672168 
660036986 374923462 797972679 
2710358 677173103 666623837 
510783708 417043287 109923941 
943329050 190273663 385983238 
965735871 641627567 380405904 
597452030 836451581 326815838 
168620961 607233758 355618395 
342098299 200710531 779821831 
404205214 802771470 723331789 
18583593 920806574 989316874 
334264484 499253390 57137598 
35598230 362991429 150983777 
864985971 465174811 168446513 
355622281 149935059 503119242 
590784833 890618109 731282465 
387270263 238738979 463336311 
944181428 679107456 902266836 
749178075 299617500 617858164 
193142989 492550868 449077956 
561158540 533757419 578590835 
300508926 275588891 142047656 
624397653 572245583 421242903 
408686927 223410454 23151663 
300607695 782451494 133371309 
139173917 686819567 740384931 
100526320 458251282 362720936 
193132535 430506719 291444283 
550490503 99870072 20614854 
939736738 291116470 331066733 
814103544 803420491 357375332 
277591318 265932719 603775218 
372316590 626622057 51460035 
952904803 416077722 249535334 
381051962 713244147 422501786 
685987185 462263166 940601598 
722942271 134122495 725338666 
774823582 446669092 396826859 
180525067 265721548 91139443 
961721187 221251653 879956375 
399180268 754478786 923227670 
766224469 357706193 340055309 
155683941 954597842 145472787 
572116474 617647184 253212867 
298129013 529627784 440196561 
289932600 979654143 833587886 
304810387 336199362 513256785 
582895513 904946273 838054767 
168659879 978080927 538777557 
159577190 28328702 173834774 
176796354 387784930 269821888 
707796912 875683312 226161853 
103912793 599491862 145897208 
575773815 678317241 898398249 
695929789 439976702 463238716 
320213005 465945351 153461095 
33580815 915886816 194633421 
936049482 233527639 374713311 
652247979 968793208 398244210 
632260418 930223666 18176775 
958413354 272418894 975598804 
810180889 345394263 588262424 
746387118 265266968 905080636 
103443617 74581674 459472008 
694084324 715264401 961644660 
49816735 447311167 759542459 
49697141 811845768 79424592 
453046348 518324195 638743315 
356969452 978145964 659918032 
410338626 476463190 915865418 
677244035 252621814 701302916 
554287973 427313785 118099856 
564657643 830518267 451736927 
874716983 113597037 398295394 
477825431 85905471 148560620 
771909029 730825397 490207220 
755241905 401759565 968755657 
343091491 824558786 179496734 
979154480 989319288 338739922 
255899523 471548590 772871796 
41508488 292677570 693027758 
844377042 18691428 959852193 
86038774 167528407 808750545 
130376211 360889652 32810683 
425170963 56982043 848857618 
142268225 145201856 709381638 
64033487 667741713 370900313 
416094366 488066967 349240031 
400920286 650317876 342025588 
301318253 348213293 866734097 
764058872 8172213 239996639 
689055137 527640501 696752108 
427430215 353005836 655973484 
234484803 435988685 613802117 
989824274 145043531 780141786 
525723874 697586450 935978998 
188078506 626084883 672412014 
695591166 798019260 563179394 
317941900 240354767 851571016 
575576086 134102838 656167135 
888240241 438417412 424976011 
473885646 908823519 385231069 
766647120 105756637 928786326 
873898409 187290303 168256220 
43608716 525209958 376789449 
655178284 960762753 277948948 
30140057 217605544 195141123 
603104421 164356658 898040306 
227601570 955244723 969233837 
992694736 229146437 190880122 
309982459 631920383 620332387 
236270748 746941633 562766359 
749706054 883332807 21130915 
334589051 689966237 279959937 
674484858 772369290 100418685 
363689549 943504332 735336575 
14335101 768171644 514530132 
151113644 682082121 352090143 
376977992 884147069 820403129 
777996980 663763335 984008707 
618768754 433302693 540019775 
498737007 20771355 462650912 
167933304 232464336 730749133 
993288938 123279525 140065915 
359937148 206811353 379862627 
975725752 531658767 8626963 
941875016 504013252 279748213 
983426183 843064762 64342678 
261173928 644678609 177303702 
230881082 859459259 192559079 
157101136 732246508 949991854 
877913848 9968664 707064946 
86125609 524858146 35016364 
958635707 28586997 473016850 
65101412 669162011 187539037 
419996103 491456008 165332089 
62584811 924109022 665475263 
709893693 108334928 676638352 
925687735 538659001 868581746 
925016234 866025561 137272873 
622947554 501935692 43772095 
396164522 48912399 31385046 
740670 656918009 425676105 
834219615 739137617 573145232 
139929696 5053810 48878069 
350693108 204910514 259114701 
684980723 275475473 928559856 
240388384 666129939 75416372 
977790212 825782206 121560978 
979349581 175367248 75637017 
884334079 732654966 181750680 
466380325 878224325 549688622 
662960577 118903269 325213946 
161930441 401318397 66237500 
804320547 443154782 712221142 
489770995 240143694 278553721 
776415519 702351070 144043806 
130978289 537413264 76953636 
675776736 733556933 514483337 
106600099 617157864 705759512 
272520054 460104719 283165485 
473954420 606889133 302889506 
474661512 475619241 840114967 
21113107 618706076 790934833 
765454633 470797668 269858803 
737311991 5664579 344915034 
550931791 566125894 976399531 
72691862 107222314 268742428 
805358699 972859750 313215212 
744481171 866766346 581611932 
186225569 52202387 655133658 
993767466 331305617 327764760 
999433239 310236148 757958455 
384935330 654454507 249293281 
2018893 267897583 779768946 
384270429 363808525 150111685 
822993382 367094879 413602393 
967870926 592684515 406004876 
195631162 307951377 452878508 
89002916 973020168 991719558 
223356237 485156254 130310784 
351715362 574839042 704483840 
901696477 908961334 53340565 
226735127 611678060 15363987 
84890852 888710094 392752397 
656399104 358479832 862785169 
971993050 562272727 528584732 
340686081 583309662 822443101 
318052723 896719087 149851919 
151687735 375666773 801531631 
156811164 734136649 60643120 
124019906 322839275 108130638 
750939310 641302185 461107841 
541960238 375488479 627015940 
128065776 348535687 155979560 
610256403 730947585 419390070 
416848674 938452351 32375356 
491535119 637062878 378638305 
255069564 195331448 163097265 
146564654 129403611 342870056 
886233726 877659902 849213754 
430129083 749312395 300955225 
844435234 53681718 416306020 
687407394 481329144 307862997 
272845880 458266058 328785189 
591665122 268385437 592404118 
66921889 291702001 27148605 
656290451 311432769 618443212 
398382345 29326129 587695079 
410916716 874758599 291084195 
473778302 514081394 323387568 
951850062 508861769 772057959 
422142472 738041557 275616885 
643362350 941150469 702155404 
511257039 629014710 60892297 
581849708 273862851 421487919 
567660318 337267571 378292725 
24061537 88983130 239443364 
645421707 582592324 886581156 
496369492 485124316 789695068 
279726663 817353280 327649925 
542755775 946277971 924341853 
33431788 574593564 273151922 
996624981 553124996 13157173 
740537332 669784629 258229670 
37997252 283849131 604799960 
29962552 525462854 820928107 
872030114 188357746 125173122 
117728791 969940128 660518093 
725036087 590150575 257644481 
835417628 64453928 312373136 
336536713 830884745 336373756 
806567892 47363466 644649265 
953538085 886304046 29459498 
682329930 134250478 37030476 
275232420 223977806 452809505 
882573710 783312477 875269083 
136459677 668650905 737297057 
513933189 438371300 610861072 
342284474 872193318 170783830 
735056224 499704055 185182243 
486329449 886607829 117991779 
525623108 689540349 311153442 
380458566 157203595 380947537 
759664194 456003328 462337987 
425496915 315870453 787476430 
756216271 868071397 584215181 
60163750 258643316 3617014 
35088588 131170911 632403105 
695708189 265605640 684087068 
943113431 623729246 461387423 
981134928 740279523 625624984 
506069388 542764096 401980915 
184348515 546017403 561725232 
443914374 137906089 952921707 
558880338 693010039 728006558 
216419706 899795787 170124175 
662927415 799293391 125808200 
928232148 824270212 995206045 
724646429 521353353 365042792 
789431274 771703298 350729455 
724728400 9456858 369158940 
223687758 973489745 933799395 
32588822 430455702 602704431 
811533239 65360526 325016293 
741465899 248104512 676678119 
421323795 961635039 322173029 
196912355 737918443 42826790 
169092065 590841207 852310072 
633449881 43793043 311456405 
70700659 784134343 8135956 
192210058 623651434 463792194 
458807998 426901354 773810284 
835341674 705930730 181274431 
956146145 826005487 939869174 
210434230 412208212 60665527 
374606885 75348898 770749165 
330295474 615644983 520536825 
432569171 661134620 220462959 
135284258 880669776 591435931 
697643408 693267834 860861926 
91487565 149570351 606795089 
793534634 885134306 811878445 
755976572 499012753 516150433 
522228803 985016992 530740063 
117067700 861283885 148461519 
898462749 521476760 927196854 
813593113 836476136 440474055 
276894010 941218594 219466324 
414238987 168926716 903252320 
680902065 149746236 433642290 
683338564 566711505 384135796 
914248190 963677921 827315399 
20429451 678935783 825956082 
436295052 257219955 198638538 
249560887 349360418 386503345 
993510772 129265147 61014456 
288042017 696508209 924249117 
518292112 674729107 1192414 
722990368 276055075 91968517 
575098735 737967959 671767034 
167199010 555234568 878413560 
521128263 415434117 417371156 
726484666 337614784 377060033 
387979071 756482825 586760422 
359804945 6579555 524354937 
412943994 172250508 882601455 
719102380 692549804 234542531 
271580404 507608775 244250055 
469275147 849964208 570730648 
359582209 174220699 710096496 
470520919 477717258 322371067 
666529569 72180497 833769038 
421738320 380061570 423834008 
916066837 193113015 300443584 
650231856 914539964 897788738 
547984127 572061150 715917254 
762892087 472710400 610496184 
317794747 401487175 862328343 
815907202 141809687 284200674 
137441429 768817651 338211351 
305761746 979137823 378191666 
66312088 140010812 328799787 
537860283 466404973 145035337 
79214546 322801762 778510683 
487499659 37319544 311290555 
843385329 905919599 641729529 
595915124 882207704 666053290 
816881952 303532987 507043436 
661910245 584794631 71784060 
492468249 294193846 4151487 
369770151 314685112 663705787 
808810683 825060276 616045202 
27241878 966765321 681485935 
103198906 458076107 8871481 
817837987 434368776 564084865 
527176966 772094650 656130714 
855129726 739484929 900531750 
192845486 214135283 941035952 
196834748 747914269 879398276 
494007824 996848466 675871524 
473136408 186835877 146121 
341645436 750964186 976131629 
731923240 328884804 176077363 
267717032 805058627 335434747 
530425002 880170304 523757848 
369592899 513981941 391848533 
330694322 368860666 94914152 
922922264 746530731 756378091 
623202469 506990458 903171407 
529237940 943606521 465223917 
815033353 782603769 388127295 
19271883 917831724 203205794 
277887175 642163970 250337186 
631263914 340895127 437912900 
945015337 919725914 309140773 
970617627 994251190 164383480 
19375733 594428277 161037082 
795420783 321163355 415444782 
768189655 633286348 277117749 
816118300 304160467 234060378 
164720272 492953929 245691602 
280031019 212105162 98109866 
441060438 197395345 461722108 
930661171 338953787 542438935 
102031884 776373915 718901206 
243353464 602770566 101828901 
919526678 326346887 291902747 
332303904 468489178 852880429 
31364471 879612699 614989968 
895527718 676636605 564361336 
358140874 599556793 345929713 
269616713 303556386 461425072 
861179409 644843630 579071638 
903930162 406432081 613802420 
457768408 299674892 728490839 
627224275 767225626 257769764 
571808099 732946508 359719940 
643459457 754427384 100929308 
40427774 838499210 735649163 
55800666 78600600 34877700 
548447799 721334768 445723675 
886924918 469852861 882728066 
315556083 735352044 760782771 
990172644 835534825 208838739 
302953178 577680224 266440051 
473200676 946588336 916226645 
354774987 983699006 284296047 
900930705 276172329 57523062 
955968812 690681305 816516702 
777677874 779829089 12903822 
398854829 976603277 891772098 
628942135 369227171 701415523 
293356345 419373708 552208511 
334877141 176657226 838530878 
68623320 145696591 750725679 
772938694 584052139 130845354 
701750109 239784249 91615966 
245610462 400546809 596665496 
517484217 555319177 806861180 
878330201 915652952 67935195 
789197454 850951259 2480560 
747425355 431989715 264473552 
763484063 604502962 11984113 
143440168 856456094 139285624 
139315861 660395881 314633469 
86887369 508854622 864320005 
183331839 558423529 527555672 
501928837 493351521 536143795 
578972559 270477631 800421004 
230879458 200416107 691382121 
664815011 988799323 615649137 
997472883 701578468 610034497 
959587470 167204554 859527438 
255850395 85594379 64494574 
316053810 250475757 118799347 
631402167 623873228 862677196 
525054254 727599850 850578844 
256869683 451618262 715837990 
303935522 309177549 148916285 
639944342 753688578 108368354 
369880617 129337518 704139520 
403520904 529213347 757773546 
789278653 913369135 771937648 
704946393 849637229 183890497 
703331247 105744629 928609013 
319660476 693485526 911765348 
201034295 866653107 931018821 
260863001 176149832 251716150 
680614637 252204527 572494453 
581087912 592006682 715464488 
40512703 84948090 378684443 
484762811 378190585 578706830 
227895370 361596500 137858169 
883892719 365325591 711748298 
423492048 226805500 217855434 
406927458 390625545 432673081 
597886273 44403582 500749849 
146259185 888326232 277852346 
737235529 376927852 76105590 
757187105 262536279 398699320 
32700317 400843906 415645049 
580728207 90506738 156478466 
411211742 561832334 681127213 
867122077 236536124 66360327 
273120350 140964693 370995145 
139689695 593392396 910135901 
925462316 56713628 338920 
696984413 746865032 2274992 
244089941 322174225 319800284 
598682951 578593514 657775965 
713891039 69450630 739347704 
634990217 829350130 652014831 
742941910 421944694 699318123 
386174489 5064079 581919746 
600276221 621975961 886691729 
