247
283 892 174 
444 274 162 
866 473 434 
38 547 814 
872 299 40 
193 2 434 
635 487 610 
43 239 798 
569 94 523 
329 909 521 
680 540 189 
624 616 95 
711 199 371 
410 987 466 
521 959 969 
144 533 549 
305 919 580 
483 874 763 
672 732 947 
194 174 145 
272 39 680 
443 139 198 
927 519 106 
33 7 917 
343 445 212 
955 370 95 
670 61 863 
343 982 724 
896 191 32 
985 141 681 
499 58 612 
67 666 722 
275 194 90 
112 226 647 
338 867 508 
180 455 333 
283 226 112 
111 989 834 
688 806 729 
473 376 424 
614 715 916 
985 682 54 
627 555 108 
130 116 645 
409 466 552 
16 643 700 
101 248 971 
526 914 91 
950 565 703 
640 750 187 
235 977 415 
393 66 804 
499 209 451 
913 107 20 
967 161 51 
238 229 224 
147 632 562 
511 537 170 
334 171 825 
814 383 311 
536 756 118 
664 724 33 
620 321 36 
947 638 391 
523 737 83 
105 803 166 
440 674 246 
480 298 13 
646 382 582 
127 305 857 
350 184 507 
806 310 750 
782 486 737 
895 56 736 
619 766 254 
135 940 865 
211 954 827 
750 135 622 
620 998 703 
146 911 239 
620 628 979 
616 997 138 
857 879 30 
775 312 243 
665 295 768 
216 72 585 
277 697 646 
875 421 14 
395 94 873 
570 249 908 
529 351 390 
391 775 792 
916 225 101 
118 71 992 
750 945 596 
993 188 743 
730 372 385 
134 104 330 
599 71 806 
573 454 592 
643 100 816 
437 171 955 
660 135 570 
346 997 346 
241 496 271 
133 786 89 
944 400 843 
85 935 534 
280 383 318 
695 817 877 
642 134 464 
991 660 81 
266 515 400 
848 341 729 
472 438 296 
670 600 430 
186 94 444 
781 956 51 
396 127 816 
509 56 442 
456 380 216 
31 203 532 
460 324 446 
626 471 829 
727 995 977 
39 11 141 
672 275 225 
878 849 524 
880 931 143 
578 5 299 
766 883 586 
460 787 961 
687 321 521 
343 737 508 
737 361 37 
670 955 50 
108 163 713 
987 512 295 
645 746 227 
674 55 266 
931 492 327 
739 253 753 
953 920 354 
405 315 50 
171 217 72 
643 783 113 
686 315 575 
756 103 357 
415 343 101 
234 213 212 
712 733 647 
249 838 907 
724 825 883 
388 519 810 
27 518 158 
205 302 299 
199 108 224 
66 439 161 
482 935 454 
904 874 844 
199 441 371 
591 309 360 
615 131 141 
142 291 642 
245 299 463 
937 5 117 
333 67 3 
381 727 904 
893 689 460 
127 187 902 
413 310 1 
217 874 447 
812 21 58 
298 645 792 
154 83 181 
476 977 538 
904 523 131 
920 173 495 
646 408 466 
665 760 296 
443 391 938 
887 193 788 
926 509 455 
336 703 2 
692 680 266 
183 162 854 
283 389 48 
512 804 137 
542 143 251 
110 19 450 
291 358 937 
122 659 616 
990 405 18 
881 992 483 
450 199 409 
651 735 182 
885 384 261 
778 914 231 
807 315 174 
81 933 100 
803 369 911 
688 635 679 
711 906 827 
283 863 543 
223 422 819 
947 718 311 
301 401 778 
549 157 685 
98 309 266 
880 42 541 
870 689 47 
774 108 294 
92 712 232 
639 566 344 
517 735 978 
243 222 534 
622 444 30 
897 905 102 
526 602 48 
99 250 470 
953 927 158 
789 906 515 
82 168 456 
664 783 223 
31 771 926 
868 79 532 
278 751 400 
399 170 299 
654 156 2 
990 102 282 
194 239 300 
278 51 386 
41 661 271 
240 378 475 
641 685 824 
746 285 696 
465 497 989 
522 647 241 
948 258 757 
370 452 310 
5 124 584 
607 403 585 
227 869 4 
995 397 244 
673 994 867 
632 804 587 
279 418 654 
63 850 527 
